1.01002E+0	5.56917E-6	3.43776E-2	-3.43783E-2
1.00002E+0	5.47681E-6	3.38075E-2	-3.34734E-2
9.90025E-1	5.37963E-6	3.32076E-2	-3.25508E-2
9.80023E-1	5.28419E-6	3.26185E-2	-3.16503E-2
9.70025E-1	5.20514E-6	3.21305E-2	-3.08588E-2
9.60018E-1	5.12064E-6	3.16089E-2	-3.00447E-2
9.50020E-1	5.01229E-6	3.09401E-2	-2.91027E-2
9.40021E-1	4.93637E-6	3.04714E-2	-2.83602E-2
9.30012E-1	4.84341E-6	2.98976E-2	-2.75298E-2
9.20012E-1	4.76491E-6	2.94130E-2	-2.67924E-2
9.10015E-1	4.68343E-6	2.89101E-2	-2.60481E-2
9.00017E-1	4.57255E-6	2.82256E-2	-2.51520E-2
8.90014E-1	4.51086E-6	2.78448E-2	-2.45369E-2
8.80016E-1	4.41479E-6	2.72518E-2	-2.37446E-2
8.69984E-1	4.34632E-6	2.68291E-2	-2.31098E-2
8.59987E-1	4.27352E-6	2.63798E-2	-2.24616E-2
8.49987E-1	4.19389E-6	2.58882E-2	-2.17868E-2
8.39989E-1	4.08443E-6	2.52125E-2	-2.09686E-2
8.29988E-1	4.02044E-6	2.48175E-2	-2.03943E-2
8.19980E-1	3.93206E-6	2.42720E-2	-1.97055E-2
8.09983E-1	3.87625E-6	2.39275E-2	-1.91890E-2
7.99981E-1	3.76878E-6	2.32641E-2	-1.84266E-2
7.89981E-1	3.70693E-6	2.28823E-2	-1.78976E-2
7.79973E-1	3.64529E-6	2.25018E-2	-1.73770E-2
7.69974E-1	3.56840E-6	2.20272E-2	-1.67924E-2
7.59975E-1	3.49406E-6	2.15683E-2	-1.62291E-2
7.49977E-1	3.42888E-6	2.11659E-2	-1.57168E-2
7.39972E-1	3.36271E-6	2.07575E-2	-1.52079E-2
7.29976E-1	3.30469E-6	2.03993E-2	-1.47436E-2
7.19978E-1	3.24435E-6	2.00269E-2	-1.42761E-2
7.09979E-1	3.18560E-6	1.96642E-2	-1.38229E-2
6.99979E-1	3.11497E-6	1.92282E-2	-1.33261E-2
6.89979E-1	3.06335E-6	1.89096E-2	-1.29180E-2
6.79987E-1	2.99440E-6	1.84840E-2	-1.24444E-2
6.69979E-1	2.92487E-6	1.80548E-2	-1.19765E-2
6.59978E-1	2.85188E-6	1.76042E-2	-1.15033E-2
6.49979E-1	2.78979E-6	1.72209E-2	-1.10824E-2
6.39981E-1	2.72269E-6	1.68067E-2	-1.06495E-2
6.29976E-1	2.64522E-6	1.63285E-2	-1.01847E-2
6.19976E-1	2.60507E-6	1.60807E-2	-9.87093E-3
6.09975E-1	2.54141E-6	1.56877E-2	-9.47437E-3
5.99974E-1	2.49698E-6	1.54135E-2	-9.15611E-3
5.89975E-1	2.44170E-6	1.50722E-2	-8.80419E-3
5.79975E-1	2.37705E-6	1.46731E-2	-8.42580E-3
5.69978E-1	2.31723E-6	1.43039E-2	-8.07218E-3
5.59978E-1	2.25142E-6	1.38977E-2	-7.70533E-3
5.49981E-1	2.20730E-6	1.36253E-2	-7.41947E-3
5.39981E-1	2.15325E-6	1.32917E-2	-7.10619E-3
5.29981E-1	2.09462E-6	1.29298E-2	-6.78468E-3
5.19979E-1	2.05191E-6	1.26661E-2	-6.52090E-3
5.09978E-1	2.00177E-6	1.23566E-2	-6.23920E-3
4.99978E-1	1.94098E-6	1.19814E-2	-5.93110E-3
4.89974E-1	1.88357E-6	1.16270E-2	-5.64051E-3
4.79976E-1	1.83447E-6	1.13239E-2	-5.38138E-3
4.69976E-1	1.77089E-6	1.09314E-2	-5.08664E-3
4.59976E-1	1.72292E-6	1.06353E-2	-4.84355E-3
4.49975E-1	1.68874E-6	1.04243E-2	-4.64424E-3
4.39979E-1	1.65758E-6	1.02320E-2	-4.45728E-3
4.29977E-1	1.61084E-6	9.94346E-3	-4.23313E-3
4.19980E-1	1.56063E-6	9.63352E-3	-4.00583E-3
4.09981E-1	1.51489E-6	9.35117E-3	-3.79584E-3
3.99983E-1	1.46620E-6	9.05062E-3	-3.58425E-3
3.89984E-1	1.42671E-6	8.80685E-3	-3.40053E-3
3.79978E-1	1.38565E-6	8.55340E-3	-3.21792E-3
3.69977E-1	1.34150E-6	8.28086E-3	-3.03340E-3
3.59978E-1	1.30832E-6	8.07605E-3	-2.87842E-3
3.49983E-1	1.26286E-6	7.79543E-3	-2.70126E-3
3.39975E-1	1.22065E-6	7.53488E-3	-2.53631E-3
3.29973E-1	1.17485E-6	7.25216E-3	-2.36932E-3
3.19974E-1	1.14005E-6	7.03735E-3	-2.22947E-3
3.09974E-1	1.09431E-6	6.75500E-3	-2.07314E-3
2.99976E-1	1.05364E-6	6.50395E-3	-1.93171E-3
2.89976E-1	1.00840E-6	6.22469E-3	-1.78714E-3
2.79977E-1	9.78120E-7	6.03778E-3	-1.67370E-3
2.69976E-1	9.50782E-7	5.86902E-3	-1.56881E-3
2.59978E-1	9.16291E-7	5.65612E-3	-1.45591E-3
2.49979E-1	8.75190E-7	5.40241E-3	-1.33712E-3
2.39979E-1	8.24876E-7	5.09183E-3	-1.20983E-3
2.29976E-1	7.97291E-7	4.92155E-3	-1.12063E-3
2.19975E-1	7.51861E-7	4.64112E-3	-1.01082E-3
2.09970E-1	7.22440E-7	4.45951E-3	-9.27092E-4
1.99964E-1	6.89229E-7	4.25450E-3	-8.42324E-4
1.89967E-1	6.51420E-7	4.02111E-3	-7.56315E-4
1.79966E-1	6.28112E-7	3.87723E-3	-6.90862E-4
1.69970E-1	5.93265E-7	3.66213E-3	-6.16289E-4
1.59964E-1	5.70852E-7	3.52378E-3	-5.58097E-4
1.49969E-1	5.42904E-7	3.35126E-3	-4.97609E-4
1.39966E-1	5.10211E-7	3.14945E-3	-4.36451E-4
1.29968E-1	4.83268E-7	2.98314E-3	-3.83873E-4
1.19972E-1	4.54339E-7	2.80456E-3	-3.33138E-4
1.09973E-1	4.24244E-7	2.61879E-3	-2.85145E-4
9.99727E-2	3.97740E-7	2.45519E-3	-2.43021E-4
8.99696E-2	3.68166E-7	2.27263E-3	-2.02443E-4
7.99727E-2	3.43051E-7	2.11760E-3	-1.67673E-4
6.99725E-2	3.14996E-7	1.94442E-3	-1.34709E-4
5.99766E-2	2.87081E-7	1.77210E-3	-1.05233E-4
4.99680E-2	2.60733E-7	1.60946E-3	-7.96254E-5
3.99704E-2	2.34219E-7	1.44580E-3	-5.72169E-5
2.99678E-2	2.06776E-7	1.27640E-3	-3.78720E-5
1.99699E-2	1.80672E-7	1.11526E-3	-2.20511E-5
9.97281E-3	1.53941E-7	9.50253E-4	-9.38286E-6
-2.57492E-5	1.28026E-7	7.90284E-4	2.01477E-8
-9.90319E-3	1.01803E-7	6.28414E-4	6.16168E-6
-1.99044E-2	7.51380E-8	4.63815E-4	9.14055E-6
-2.99058E-2	4.98241E-8	3.07556E-4	9.10665E-6
-3.99091E-2	2.08656E-8	1.28800E-4	5.08940E-6
-4.99089E-2	-6.67171E-9	-4.11834E-5	-2.03507E-6
-5.99115E-2	-3.27660E-8	-2.02259E-4	-1.19977E-5
-6.99108E-2	-6.19751E-8	-3.82562E-4	-2.64804E-5
-7.99162E-2	-9.03788E-8	-5.57894E-4	-4.41433E-5
-8.99117E-2	-1.22251E-7	-7.54636E-4	-6.71788E-5
-9.99131E-2	-1.54193E-7	-9.51809E-4	-9.41566E-5
-1.09915E-1	-1.84005E-7	-1.13583E-3	-1.23609E-4
-1.19915E-1	-2.19601E-7	-1.35556E-3	-1.60943E-4
-1.29914E-1	-2.50851E-7	-1.54846E-3	-1.99175E-4
-1.39912E-1	-2.86403E-7	-1.76792E-3	-2.44904E-4
-1.49914E-1	-3.22295E-7	-1.98948E-3	-2.95297E-4
-1.59911E-1	-3.58361E-7	-2.21210E-3	-3.50238E-4
-1.69911E-1	-3.94556E-7	-2.43553E-3	-4.09726E-4
-1.79913E-1	-4.31025E-7	-2.66065E-3	-4.73946E-4
-1.89912E-1	-4.69493E-7	-2.89810E-3	-5.44936E-4
-1.99912E-1	-5.10466E-7	-3.15102E-3	-6.23691E-4
-2.09919E-1	-5.54599E-7	-3.42345E-3	-7.11532E-4
-2.19921E-1	-5.95772E-7	-3.67760E-3	-8.00775E-4
-2.29916E-1	-6.34942E-7	-3.91940E-3	-8.92210E-4
-2.39921E-1	-6.77418E-7	-4.18159E-3	-9.93319E-4
-2.49920E-1	-7.23304E-7	-4.46484E-3	-1.10480E-3
-2.59923E-1	-7.72502E-7	-4.76853E-3	-1.22718E-3
-2.69918E-1	-8.24346E-7	-5.08856E-3	-1.35989E-3
-2.79919E-1	-8.71216E-7	-5.37788E-3	-1.49047E-3
-2.89918E-1	-9.16625E-7	-5.65818E-3	-1.62417E-3
-2.99916E-1	-9.51493E-7	-5.87341E-3	-1.74409E-3
-3.09914E-1	-1.00297E-6	-6.19117E-3	-1.89973E-3
-3.19919E-1	-1.04544E-6	-6.45333E-3	-2.04410E-3
-3.29915E-1	-1.10279E-6	-6.80735E-3	-2.22361E-3
-3.39915E-1	-1.16642E-6	-7.20012E-3	-2.42320E-3
-3.49923E-1	-1.21287E-6	-7.48685E-3	-2.59388E-3
-3.59921E-1	-1.27378E-6	-7.86284E-3	-2.80198E-3
-3.69923E-1	-1.33750E-6	-8.25617E-3	-3.02391E-3
-3.79915E-1	-1.40103E-6	-8.64833E-3	-3.25310E-3
-3.89923E-1	-1.49342E-6	-9.21864E-3	-3.55897E-3
-3.99919E-1	-1.55883E-6	-9.62241E-3	-3.81008E-3
-4.09920E-1	-1.62719E-6	-1.00444E-2	-4.07663E-3
-4.19918E-1	-1.71174E-6	-1.05663E-2	-4.39305E-3
-4.29919E-1	-1.78014E-6	-1.09885E-2	-4.67740E-3
-4.39921E-1	-1.87405E-6	-1.15682E-2	-5.03871E-3
-4.49919E-1	-1.93842E-6	-1.19656E-2	-5.33023E-3
-4.59919E-1	-2.03829E-6	-1.25820E-2	-5.72942E-3
-4.69918E-1	-2.13136E-6	-1.31565E-2	-6.12128E-3
-4.79917E-1	-2.23346E-6	-1.37868E-2	-6.55100E-3
-4.89915E-1	-2.35939E-6	-1.45641E-2	-7.06454E-3
-4.99924E-1	-2.45821E-6	-1.51741E-2	-7.51081E-3
-5.09919E-1	-2.58081E-6	-1.59309E-2	-8.04305E-3
-5.19920E-1	-2.76134E-6	-1.70453E-2	-8.77445E-3
-5.29918E-1	-2.91581E-6	-1.79988E-2	-9.44347E-3
-5.39919E-1	-3.06633E-6	-1.89280E-2	-1.01184E-2
-5.49927E-1	-3.27743E-6	-2.02310E-2	-1.10154E-2
-5.59928E-1	-3.48736E-6	-2.15269E-2	-1.19342E-2
-5.69922E-1	-3.73965E-6	-2.30843E-2	-1.30260E-2
-5.79921E-1	-4.02932E-6	-2.48723E-2	-1.42812E-2
-5.89920E-1	-4.38056E-6	-2.70405E-2	-1.57938E-2
-5.99916E-1	-4.80367E-6	-2.96523E-2	-1.76128E-2
-6.09921E-1	-5.29226E-6	-3.26683E-2	-1.97278E-2
-6.19922E-1	-5.86301E-6	-3.61914E-2	-2.22137E-2
-6.29923E-1	-6.59091E-6	-4.06846E-2	-2.53744E-2
-6.39954E-1	-7.47351E-6	-4.61328E-2	-2.92306E-2
-6.49961E-1	-8.56247E-6	-5.28548E-2	-3.40134E-2
-6.59958E-1	-9.87436E-6	-6.09528E-2	-3.98280E-2
-6.69956E-1	-1.15594E-5	-7.13543E-2	-4.73309E-2
-6.79957E-1	-1.36630E-5	-8.43395E-2	-5.67794E-2
-6.89962E-1	-1.62869E-5	-1.00536E-1	-6.86795E-2
-6.99954E-1	-1.95898E-5	-1.20925E-1	-8.38037E-2
-7.09952E-1	-2.37486E-5	-1.46596E-1	-1.03046E-1
-7.19950E-1	-2.89678E-5	-1.78814E-1	-1.27462E-1
-7.29951E-1	-3.55195E-5	-2.19256E-1	-1.58462E-1
-7.39951E-1	-4.36894E-5	-2.69688E-1	-1.97580E-1
-7.49948E-1	-5.39820E-5	-3.33222E-1	-2.47425E-1
-7.59951E-1	-6.68292E-5	-4.12526E-1	-3.10396E-1
-7.69952E-1	-8.27576E-5	-5.10849E-1	-3.89435E-1
-7.79954E-1	-1.02399E-4	-6.32093E-1	-4.88122E-1
-7.89962E-1	-1.26620E-4	-7.81605E-1	-6.11325E-1
-7.99962E-1	-1.56241E-4	-9.64451E-1	-7.63885E-1
-8.09962E-1	-1.92098E-4	-1.18579E+0	-9.50936E-1
-8.19963E-1	-2.35122E-4	-1.45137E+0	-1.17829E+0
-8.29965E-1	-2.86366E-4	-1.76769E+0	-1.45260E+0
-8.39960E-1	-3.46520E-4	-2.13901E+0	-1.77890E+0
-8.49965E-1	-4.16526E-4	-2.57115E+0	-2.16375E+0
-8.59965E-1	-4.96743E-4	-3.06631E+0	-2.61082E+0
-8.69965E-1	-5.87594E-4	-3.62712E+0	-3.12423E+0
-8.79965E-1	-6.89199E-4	-4.25431E+0	-3.70658E+0
-8.89965E-1	-8.01386E-4	-4.94683E+0	-4.35891E+0
-8.99969E-1	-9.24021E-4	-5.70383E+0	-5.08245E+0
-9.09964E-1	-1.05678E-3	-6.52333E+0	-5.87723E+0
-9.19961E-1	-1.19881E-3	-7.40006E+0	-6.74036E+0
-9.29963E-1	-1.34960E-3	-8.33086E+0	-7.67069E+0
-9.39969E-1	-1.50883E-3	-9.31377E+0	-8.66797E+0
-9.49968E-1	-1.67552E-3	-1.03427E+1	-9.72797E+0
-9.59967E-1	-1.84948E-3	-1.14165E+1	-1.08510E+1
-9.69970E-1	-2.03006E-3	-1.25312E+1	-1.20346E+1
-9.79970E-1	-2.21677E-3	-1.36838E+1	-1.32769E+1
-9.89970E-1	-2.40905E-3	-1.48707E+1	-1.45758E+1
-9.99967E-1	-2.60662E-3	-1.60902E+1	-1.59304E+1
-1.00997E+0	-2.80908E-3	-1.73400E+1	-1.73395E+1
