Efficiency(%)	JSC(mA/cm^2)	VOC(V)	FF				 
1.00996E+0	6.36251E-6	3.92748E-2	-4.00666E-2
9.99965E-1	3.82823E-3	2.36310E+1	-2.38689E+1
9.89965E-1	3.83375E-3	2.36651E+1	-2.36643E+1
9.79965E-1	3.82351E-3	2.36019E+1	-2.33627E+1
9.69968E-1	3.82938E-3	2.36381E+1	-2.31598E+1
9.59965E-1	3.83861E-3	2.36951E+1	-2.29763E+1
9.49966E-1	3.82183E-3	2.35915E+1	-2.26375E+1
9.39964E-1	3.82810E-3	2.36302E+1	-2.24359E+1
9.29957E-1	3.82539E-3	2.36135E+1	-2.21814E+1
9.19960E-1	3.82420E-3	2.36062E+1	-2.19361E+1
9.09960E-1	3.83196E-3	2.36541E+1	-2.17417E+1
8.99962E-1	3.82328E-3	2.36005E+1	-2.14541E+1
8.89961E-1	3.83498E-3	2.36727E+1	-2.12806E+1
8.79965E-1	3.82635E-3	2.36194E+1	-2.09942E+1
8.69927E-1	3.81065E-3	2.35225E+1	-2.06696E+1
8.59934E-1	3.82329E-3	2.36006E+1	-2.04999E+1
8.49936E-1	3.82053E-3	2.35835E+1	-2.02470E+1
8.39935E-1	3.82549E-3	2.36141E+1	-2.00347E+1
8.29936E-1	3.82149E-3	2.35894E+1	-1.97755E+1
8.19927E-1	3.81180E-3	2.35296E+1	-1.94875E+1
8.09929E-1	3.81706E-3	2.35621E+1	-1.92764E+1
7.99929E-1	3.80854E-3	2.35095E+1	-1.89959E+1
7.89934E-1	3.81029E-3	2.35203E+1	-1.87672E+1
7.79925E-1	3.80969E-3	2.35166E+1	-1.85265E+1
7.69926E-1	3.80866E-3	2.35102E+1	-1.82840E+1
7.59927E-1	3.81526E-3	2.35510E+1	-1.80778E+1
7.49932E-1	3.80041E-3	2.34593E+1	-1.77706E+1
7.39923E-1	3.81208E-3	2.35314E+1	-1.75873E+1
7.29926E-1	3.80496E-3	2.34874E+1	-1.73172E+1
7.19927E-1	3.79935E-3	2.34528E+1	-1.70548E+1
7.09927E-1	3.80293E-3	2.34749E+1	-1.68338E+1
6.99927E-1	3.80596E-3	2.34936E+1	-1.66099E+1
6.89929E-1	3.79161E-3	2.34050E+1	-1.63109E+1
6.79932E-1	3.78735E-3	2.33787E+1	-1.60565E+1
6.69932E-1	3.79947E-3	2.34535E+1	-1.58710E+1
6.59930E-1	3.79363E-3	2.34175E+1	-1.56100E+1
6.49933E-1	3.79322E-3	2.34149E+1	-1.53719E+1
6.39931E-1	3.79949E-3	2.34536E+1	-1.51603E+1
6.29925E-1	3.78848E-3	2.33857E+1	-1.48800E+1
6.19926E-1	3.79158E-3	2.34048E+1	-1.46558E+1
6.09927E-1	3.78998E-3	2.33949E+1	-1.44133E+1
5.99926E-1	3.78495E-3	2.33639E+1	-1.41582E+1
5.89921E-1	3.78689E-3	2.33759E+1	-1.39292E+1
5.79922E-1	3.80041E-3	2.34593E+1	-1.37420E+1
5.69927E-1	3.79093E-3	2.34008E+1	-1.34715E+1
5.59927E-1	3.78139E-3	2.33419E+1	-1.32018E+1
5.49929E-1	3.79187E-3	2.34066E+1	-1.30020E+1
5.39927E-1	3.79325E-3	2.34151E+1	-1.27702E+1
5.29930E-1	3.79740E-3	2.34407E+1	-1.25474E+1
5.19923E-1	3.79194E-3	2.34070E+1	-1.22928E+1
5.09925E-1	3.79395E-3	2.34194E+1	-1.20628E+1
4.99924E-1	3.78954E-3	2.33922E+1	-1.18125E+1
4.89919E-1	3.78406E-3	2.33584E+1	-1.15593E+1
4.79921E-1	3.79087E-3	2.34004E+1	-1.13438E+1
4.69922E-1	3.79170E-3	2.34056E+1	-1.11099E+1
4.59924E-1	3.77939E-3	2.33296E+1	-1.08382E+1
4.49921E-1	3.77907E-3	2.33276E+1	-1.06016E+1
4.39923E-1	3.78551E-3	2.33673E+1	-1.03837E+1
4.29922E-1	3.77264E-3	2.32879E+1	-1.01131E+1
4.19924E-1	3.78274E-3	2.33502E+1	-9.90437E+0
4.09926E-1	3.78963E-3	2.33928E+1	-9.68617E+0
3.99923E-1	3.77606E-3	2.33090E+1	-9.41597E+0
3.89926E-1	3.78304E-3	2.33521E+1	-9.19757E+0
3.79922E-1	3.76936E-3	2.32677E+1	-8.92919E+0
3.69921E-1	3.77225E-3	2.32855E+1	-8.70080E+0
3.59923E-1	3.77762E-3	2.33186E+1	-8.47769E+0
3.49926E-1	3.76657E-3	2.32504E+1	-8.21811E+0
3.39915E-1	3.76061E-3	2.32136E+1	-7.97037E+0
3.29919E-1	3.76923E-3	2.32669E+1	-7.75371E+0
3.19922E-1	3.76481E-3	2.32396E+1	-7.50995E+0
3.09917E-1	3.75680E-3	2.31901E+1	-7.25961E+0
2.99921E-1	3.76547E-3	2.32436E+1	-7.04167E+0
2.89916E-1	3.75758E-3	2.31949E+1	-6.79251E+0
2.79924E-1	3.75794E-3	2.31972E+1	-6.55903E+0
2.69925E-1	3.75987E-3	2.32091E+1	-6.32799E+0
2.59923E-1	3.74709E-3	2.31302E+1	-6.07280E+0
2.49923E-1	3.75788E-3	2.31968E+1	-5.85597E+0
2.39921E-1	3.75242E-3	2.31631E+1	-5.61345E+0
2.29919E-1	3.75129E-3	2.31561E+1	-5.37781E+0
2.19922E-1	3.75296E-3	2.31664E+1	-5.14627E+0
2.09919E-1	3.74154E-3	2.30959E+1	-4.89725E+0
1.99915E-1	3.73749E-3	2.30709E+1	-4.65881E+0
1.89918E-1	3.74882E-3	2.31409E+1	-4.43926E+0
1.79917E-1	3.74948E-3	2.31449E+1	-4.20623E+0
1.69918E-1	3.73654E-3	2.30651E+1	-3.95876E+0
1.59914E-1	3.74414E-3	2.31120E+1	-3.73326E+0
1.49916E-1	3.74030E-3	2.30883E+1	-3.49626E+0
1.39914E-1	3.73110E-3	2.30315E+1	-3.25498E+0
1.29912E-1	3.74400E-3	2.31111E+1	-3.03274E+0
1.19915E-1	3.73655E-3	2.30651E+1	-2.79379E+0
1.09916E-1	3.73510E-3	2.30562E+1	-2.55984E+0
9.99169E-2	3.73966E-3	2.30843E+1	-2.32981E+0
8.99100E-2	3.73250E-3	2.30401E+1	-2.09246E+0
7.99105E-2	3.74080E-3	2.30914E+1	-1.86388E+0
6.99155E-2	3.74182E-3	2.30977E+1	-1.63120E+0
5.99148E-2	3.72237E-3	2.29776E+1	-1.39060E+0
4.99053E-2	3.72494E-3	2.29935E+1	-1.15909E+0
3.99063E-2	3.71958E-3	2.29604E+1	-9.25519E-1
2.99060E-2	3.71967E-3	2.29609E+1	-6.93606E-1
1.99070E-2	3.72161E-3	2.29729E+1	-4.61941E-1
9.90677E-3	3.71042E-3	2.29038E+1	-2.29195E-1
-9.10759E-5	3.72093E-3	2.29687E+1	2.11303E-3
-9.97829E-3	3.72043E-3	2.29656E+1	2.31472E-1
-1.99802E-2	3.70995E-3	2.29009E+1	4.62187E-1
-2.99835E-2	3.72421E-3	2.29890E+1	6.96252E-1
-3.99754E-2	3.71574E-3	2.29367E+1	9.26164E-1
-4.99766E-2	3.70429E-3	2.28660E+1	1.15431E+0
-5.99828E-2	3.70463E-3	2.28681E+1	1.38555E+0
-6.99797E-2	3.70844E-3	2.28916E+1	1.61813E+0
-7.99835E-2	3.70671E-3	2.28809E+1	1.84858E+0
-8.99818E-2	3.71294E-3	2.29194E+1	2.08316E+0
-9.99827E-2	3.70285E-3	2.28571E+1	2.30840E+0
-1.09980E-1	3.69069E-3	2.27820E+1	2.53088E+0
-1.19982E-1	3.69845E-3	2.28299E+1	2.76685E+0
-1.29983E-1	3.67973E-3	2.27144E+1	2.98231E+0
-1.39982E-1	3.68405E-3	2.27410E+1	3.21549E+0
-1.49981E-1	3.68783E-3	2.27644E+1	3.44871E+0
-1.59979E-1	3.67919E-3	2.27110E+1	3.66999E+0
-1.69983E-1	3.67977E-3	2.27146E+1	3.90010E+0
-1.79983E-1	3.68611E-3	2.27538E+1	4.13666E+0
-1.89980E-1	3.67619E-3	2.26925E+1	4.35467E+0
-1.99980E-1	3.66470E-3	2.26216E+1	4.56956E+0
-2.09986E-1	3.67308E-3	2.26733E+1	4.80917E+0
-2.19986E-1	3.66609E-3	2.26302E+1	5.02861E+0
-2.29985E-1	3.66162E-3	2.26026E+1	5.25076E+0
-2.39990E-1	3.66008E-3	2.25931E+1	5.47688E+0
-2.49984E-1	3.64658E-3	2.25098E+1	5.68392E+0
-2.59989E-1	3.64786E-3	2.25177E+1	5.91348E+0
-2.69985E-1	3.64096E-3	2.24751E+1	6.12922E+0
-2.79986E-1	3.63042E-3	2.24100E+1	6.33786E+0
-2.89984E-1	3.63595E-3	2.24441E+1	6.57418E+0
-2.99982E-1	3.62860E-3	2.23988E+1	6.78710E+0
-3.09981E-1	3.61277E-3	2.23010E+1	6.98273E+0
-3.19983E-1	3.61676E-3	2.23257E+1	7.21600E+0
-3.29979E-1	3.61687E-3	2.23264E+1	7.44165E+0
-3.39979E-1	3.60935E-3	2.22799E+1	7.65122E+0
-3.49985E-1	3.61316E-3	2.23035E+1	7.88472E+0
-3.59984E-1	3.60037E-3	2.22245E+1	8.08128E+0
-3.69986E-1	3.58904E-3	2.21546E+1	8.27968E+0
-3.79982E-1	3.59011E-3	2.21612E+1	8.50591E+0
-3.89987E-1	3.57867E-3	2.20906E+1	8.70205E+0
-3.99984E-1	3.57101E-3	2.20433E+1	8.90602E+0
-4.09987E-1	3.56544E-3	2.20089E+1	9.11450E+0
-4.19985E-1	3.55103E-3	2.19199E+1	9.29904E+0
-4.29986E-1	3.54649E-3	2.18919E+1	9.50830E+0
-4.39985E-1	3.54416E-3	2.18775E+1	9.72302E+0
-4.49985E-1	3.52782E-3	2.17767E+1	9.89815E+0
-4.59983E-1	3.52405E-3	2.17534E+1	1.01073E+1
-4.69984E-1	3.51683E-3	2.17088E+1	1.03059E+1
-4.79985E-1	3.49165E-3	2.15534E+1	1.04498E+1
-4.89982E-1	3.48508E-3	2.15128E+1	1.06474E+1
-4.99990E-1	3.46988E-3	2.14190E+1	1.08175E+1
-5.09992E-1	3.45107E-3	2.13029E+1	1.09740E+1
-5.19987E-1	3.43518E-3	2.12048E+1	1.11376E+1
-5.29989E-1	3.40555E-3	2.10219E+1	1.12539E+1
-5.39993E-1	3.39047E-3	2.09288E+1	1.14156E+1
-5.49992E-1	3.36894E-3	2.07959E+1	1.15531E+1
-5.59991E-1	3.33741E-3	2.06013E+1	1.16531E+1
-5.69987E-1	3.31421E-3	2.04581E+1	1.17786E+1
-5.79987E-1	3.28141E-3	2.02556E+1	1.18667E+1
-5.89987E-1	3.23873E-3	1.99922E+1	1.19143E+1
-5.99984E-1	3.20450E-3	1.97809E+1	1.19881E+1
-6.09987E-1	3.16096E-3	1.95121E+1	1.20224E+1
-6.19982E-1	3.10001E-3	1.91359E+1	1.19837E+1
-6.29983E-1	3.04499E-3	1.87962E+1	1.19609E+1
-6.40021E-1	2.96575E-3	1.83071E+1	1.18353E+1
-6.50026E-1	2.89889E-3	1.78944E+1	1.17493E+1
-6.60024E-1	2.82447E-3	1.74350E+1	1.16238E+1
-6.70024E-1	2.72904E-3	1.68459E+1	1.14012E+1
-6.80032E-1	2.62950E-3	1.62315E+1	1.11494E+1
-6.90029E-1	2.52488E-3	1.55857E+1	1.08632E+1
-7.00030E-1	2.40029E-3	1.48166E+1	1.04768E+1
-7.10027E-1	2.26620E-3	1.39889E+1	1.00328E+1
-7.20026E-1	2.12903E-3	1.31422E+1	9.55828E+0
-7.30024E-1	1.97809E-3	1.22104E+1	9.00395E+0
-7.40027E-1	1.81543E-3	1.12064E+1	8.37678E+0
-7.50025E-1	1.65152E-3	1.01946E+1	7.72341E+0
-7.60026E-1	1.47424E-3	9.10025E+0	6.98629E+0
-7.70029E-1	1.29148E-3	7.97210E+0	6.20075E+0
-7.80026E-1	1.09953E-3	6.78722E+0	5.34769E+0
-7.90030E-1	8.96274E-4	5.53256E+0	4.41504E+0
-8.00029E-1	6.25838E-4	3.86320E+0	3.12189E+0
-8.10025E-1	4.48514E-4	2.76860E+0	2.26529E+0
-8.20031E-1	1.44780E-5	8.93704E-2	7.40267E-2
-8.30035E-1	-3.44239E-4	-2.12493E+0	-1.78158E+0
-8.40037E-1	-7.13462E-4	-4.40409E+0	-3.73697E+0
-8.50044E-1	-7.00006E-3	-4.32102E+1	-3.71016E+1
-8.60044E-1	-6.63902E-3	-4.09816E+1	-3.56020E+1
-8.70047E-1	-6.77544E-3	-4.18237E+1	-3.67561E+1
-8.80040E-1	-7.23033E-3	-4.46317E+1	-3.96744E+1
-8.90033E-1	-7.77424E-3	-4.79891E+1	-4.31433E+1
-9.00038E-1	-8.32270E-3	-5.13747E+1	-4.67062E+1
-9.10035E-1	-8.87896E-3	-5.48084E+1	-5.03814E+1
-9.20034E-1	-9.36351E-3	-5.77994E+1	-5.37146E+1
-9.30037E-1	-9.82345E-3	-6.06386E+1	-5.69658E+1
-9.40046E-1	-1.03708E-2	-6.40173E+1	-6.07871E+1
-9.50042E-1	-1.08234E-2	-6.68111E+1	-6.41145E+1
-9.60042E-1	-1.12452E-2	-6.94148E+1	-6.73143E+1
-9.70044E-1	-1.16333E-2	-7.18105E+1	-7.03630E+1
-9.80043E-1	-1.20124E-2	-7.41506E+1	-7.34048E+1
-9.90043E-1	-1.24104E-2	-7.66074E+1	-7.66107E+1
-1.00004E+0	-1.27997E-2	-7.90105E+1	-7.98118E+1
-1.01005E+0	-1.31519E-2	-8.11846E+1	-8.28288E+1
1.20224E+1	2.29687E+1	-8.20031E-1	6.31916E-1
1.22895E+1	2.28115E+1	-8.30027E-1	6.42574E-1
1.26698E+1	2.24533E+1	-8.30031E-1	6.73024E-1
2.85120E-4	9.34500E-4	-9.80016E-1	3.08213E-1
1.14707E+1	2.15117E+1	-8.30028E-1	6.36001E-1
2.70175E-4	5.05209E-4	-8.25824E-1	6.41094E-1
