1.01001E+0	5.70989E-3	3.52462E+1	-3.68139E+1
1.00003E+0	3.60396E-3	2.22467E+1	-2.30066E+1
9.90019E-1	3.60451E-3	2.22501E+1	-2.27797E+1
9.80010E-1	3.58552E-3	2.21328E+1	-2.24306E+1
9.70035E-1	3.61233E-3	2.22983E+1	-2.23683E+1
9.60026E-1	3.59433E-3	2.21872E+1	-2.20272E+1
9.50016E-1	3.60829E-3	2.22734E+1	-2.18822E+1
9.40041E-1	3.59528E-3	2.21931E+1	-2.15744E+1
9.30027E-1	3.60641E-3	2.22618E+1	-2.14106E+1
9.20016E-1	3.59309E-3	2.21796E+1	-2.11019E+1
9.10006E-1	3.59645E-3	2.22003E+1	-2.08918E+1
9.00026E-1	3.57522E-3	2.20693E+1	-2.05408E+1
8.90013E-1	3.57226E-3	2.20510E+1	-2.02954E+1
8.80004E-1	3.58414E-3	2.21243E+1	-2.01339E+1
8.70029E-1	3.58570E-3	2.21340E+1	-1.99144E+1
8.60016E-1	3.57533E-3	2.20699E+1	-1.96282E+1
8.50005E-1	3.58047E-3	2.21017E+1	-1.94276E+1
8.39997E-1	3.56470E-3	2.20043E+1	-1.91143E+1
8.30021E-1	3.57065E-3	2.20410E+1	-1.89189E+1
8.20008E-1	3.56475E-3	2.20046E+1	-1.86597E+1
8.09999E-1	3.57121E-3	2.20445E+1	-1.84654E+1
8.00024E-1	3.55917E-3	2.19702E+1	-1.81765E+1
7.90011E-1	3.58387E-3	2.21227E+1	-1.80736E+1
7.79996E-1	3.57092E-3	2.20427E+1	-1.77800E+1
7.70022E-1	3.57815E-3	2.20873E+1	-1.75882E+1
7.60013E-1	3.54636E-3	2.18911E+1	-1.72053E+1
7.50000E-1	3.55744E-3	2.19595E+1	-1.70317E+1
7.39987E-1	3.55638E-3	2.19530E+1	-1.67993E+1
7.30011E-1	3.55340E-3	2.19346E+1	-1.65589E+1
7.19999E-1	3.55460E-3	2.19420E+1	-1.63373E+1
7.09990E-1	3.54662E-3	2.18927E+1	-1.60741E+1
7.00012E-1	3.55536E-3	2.19467E+1	-1.58872E+1
6.89998E-1	3.53328E-3	2.18104E+1	-1.55627E+1
6.79988E-1	3.54700E-3	2.18951E+1	-1.53965E+1
6.70015E-1	3.52694E-3	2.17712E+1	-1.50849E+1
6.60005E-1	3.53920E-3	2.18469E+1	-1.49111E+1
6.49991E-1	3.52772E-3	2.17760E+1	-1.46373E+1
6.39981E-1	3.54462E-3	2.18804E+1	-1.44809E+1
6.29999E-1	3.52176E-3	2.17393E+1	-1.41631E+1
6.19987E-1	3.52192E-3	2.17402E+1	-1.39386E+1
6.09975E-1	3.52610E-3	2.17660E+1	-1.37298E+1
6.00000E-1	3.52298E-3	2.17468E+1	-1.34934E+1
5.89991E-1	3.51858E-3	2.17196E+1	-1.32517E+1
5.79977E-1	3.51096E-3	2.16726E+1	-1.29986E+1
5.69998E-1	3.51022E-3	2.16680E+1	-1.27722E+1
5.59987E-1	3.49984E-3	2.16040E+1	-1.25108E+1
5.49977E-1	3.50312E-3	2.16242E+1	-1.22987E+1
5.39967E-1	3.49437E-3	2.15702E+1	-1.20447E+1
5.29990E-1	3.48251E-3	2.14970E+1	-1.17820E+1
5.19980E-1	3.49551E-3	2.15772E+1	-1.16026E+1
5.09969E-1	3.46581E-3	2.13939E+1	-1.12825E+1
4.99995E-1	3.46979E-3	2.14185E+1	-1.10746E+1
4.89982E-1	3.50645E-3	2.16448E+1	-1.09675E+1
4.79969E-1	3.47530E-3	2.14525E+1	-1.06479E+1
4.69994E-1	3.48076E-3	2.14862E+1	-1.04430E+1
4.59982E-1	3.50119E-3	2.16123E+1	-1.02805E+1
4.49969E-1	3.47981E-3	2.14803E+1	-9.99532E+0
4.39955E-1	3.46372E-3	2.13810E+1	-9.72769E+0
4.29979E-1	3.46652E-3	2.13983E+1	-9.51480E+0
4.19965E-1	3.44000E-3	2.12346E+1	-9.22210E+0
4.09955E-1	3.44834E-3	2.12860E+1	-9.02412E+0
3.99980E-1	3.46292E-3	2.13760E+1	-8.84177E+0
3.89971E-1	3.46462E-3	2.13865E+1	-8.62475E+0
3.79959E-1	3.45227E-3	2.13103E+1	-8.37336E+0
3.69948E-1	3.46833E-3	2.14094E+1	-8.19067E+0
3.59971E-1	3.46343E-3	2.13792E+1	-7.95852E+0
3.49961E-1	3.43847E-3	2.12251E+1	-7.68145E+0
3.39947E-1	3.42804E-3	2.11607E+1	-7.43902E+0
3.29969E-1	3.44434E-3	2.12614E+1	-7.25500E+0
3.19957E-1	3.41492E-3	2.10798E+1	-6.97478E+0
3.09939E-1	3.43269E-3	2.11894E+1	-6.79156E+0
2.99965E-1	3.43469E-3	2.12018E+1	-6.57683E+0
2.89955E-1	3.42164E-3	2.11212E+1	-6.33320E+0
2.79944E-1	3.43871E-3	2.12266E+1	-6.14505E+0
2.69938E-1	3.41998E-3	2.11110E+1	-5.89313E+0
2.59961E-1	3.41131E-3	2.10575E+1	-5.66093E+0
2.49947E-1	3.42826E-3	2.11621E+1	-5.46991E+0
2.39934E-1	3.40513E-3	2.10193E+1	-5.21536E+0
2.29962E-1	3.42124E-3	2.11188E+1	-5.02225E+0
2.19949E-1	3.42083E-3	2.11162E+1	-4.80299E+0
2.09937E-1	3.41237E-3	2.10640E+1	-4.57303E+0
1.99960E-1	3.42141E-3	2.11198E+1	-4.36724E+0
1.89948E-1	3.40311E-3	2.10069E+1	-4.12638E+0
1.79938E-1	3.40001E-3	2.09877E+1	-3.90536E+0
1.69924E-1	3.40109E-3	2.09944E+1	-3.68919E+0
1.59945E-1	3.39647E-3	2.09659E+1	-3.46782E+0
1.49932E-1	3.38234E-3	2.08786E+1	-3.23720E+0
1.39916E-1	3.39471E-3	2.09550E+1	-3.03200E+0
1.29939E-1	3.39768E-3	2.09733E+1	-2.81826E+0
1.19928E-1	3.38676E-3	2.09059E+1	-2.59277E+0
1.09918E-1	3.37607E-3	2.08399E+1	-2.36886E+0
9.99403E-2	3.37946E-3	2.08609E+1	-2.15599E+0
8.99274E-2	3.40058E-3	2.09912E+1	-1.95211E+0
7.99136E-2	3.36141E-3	2.07494E+1	-1.71475E+0
6.99048E-2	3.35660E-3	2.07198E+1	-1.49784E+0
5.99291E-2	3.37147E-3	2.08115E+1	-1.28978E+0
4.99167E-2	3.35510E-3	2.07105E+1	-1.06908E+0
3.98984E-2	3.36590E-3	2.07772E+1	-8.57265E-1
2.99234E-2	3.34651E-3	2.06575E+1	-6.39237E-1
1.99125E-2	3.34536E-3	2.06504E+1	-4.25233E-1
9.90057E-3	3.32086E-3	2.04991E+1	-2.09879E-1
-7.65324E-5	3.34850E-3	2.06698E+1	1.63589E-3
-1.01876E-2	3.33966E-3	2.06152E+1	2.17186E-1
-2.02000E-2	3.33315E-3	2.05750E+1	4.29798E-1
-3.02093E-2	3.32671E-3	2.05352E+1	6.41526E-1
-4.01838E-2	3.31188E-3	2.04437E+1	8.49541E-1
-5.01955E-2	3.31206E-3	2.04448E+1	1.06126E+0
-6.02090E-2	3.31287E-3	2.04498E+1	1.27328E+0
-7.02231E-2	3.30892E-3	2.04254E+1	1.48329E+0
-8.01964E-2	3.30389E-3	2.03944E+1	1.69137E+0
-9.02076E-2	3.31115E-3	2.04392E+1	1.90669E+0
-1.00219E-1	3.29714E-3	2.03527E+1	2.10934E+0
-1.10228E-1	3.27952E-3	2.02440E+1	2.30760E+0
-1.20210E-1	3.28575E-3	2.02824E+1	2.52135E+0
-1.30216E-1	3.28440E-3	2.02741E+1	2.73010E+0
-1.40229E-1	3.27705E-3	2.02287E+1	2.93345E+0
-1.50201E-1	3.25933E-3	2.01193E+1	3.12507E+0
-1.60210E-1	3.25882E-3	2.01162E+1	3.33279E+0
-1.70222E-1	3.28691E-3	2.02896E+1	3.57159E+0
-1.80235E-1	3.26478E-3	2.01530E+1	3.75622E+0
-1.90211E-1	3.24543E-3	2.00335E+1	3.94064E+0
-2.00225E-1	3.24202E-3	2.00125E+1	4.14374E+0
-2.10239E-1	3.21901E-3	1.98704E+1	4.32010E+0
-2.20248E-1	3.21103E-3	1.98212E+1	4.51455E+0
-2.30226E-1	3.22768E-3	1.99240E+1	4.74355E+0
-2.40236E-1	3.21060E-3	1.98185E+1	4.92360E+0
-2.50247E-1	3.19645E-3	1.97312E+1	5.10617E+0
-2.60221E-1	3.19004E-3	1.96916E+1	5.29904E+0
-2.70235E-1	3.15477E-3	1.94739E+1	5.44212E+0
-2.80244E-1	3.17190E-3	1.95796E+1	5.67433E+0
-2.90256E-1	3.17108E-3	1.95746E+1	5.87553E+0
-3.00229E-1	3.15257E-3	1.94603E+1	6.04193E+0
-3.10238E-1	3.15319E-3	1.94641E+1	6.24459E+0
-3.20248E-1	3.14514E-3	1.94144E+1	6.42961E+0
-3.30260E-1	3.13193E-3	1.93329E+1	6.60278E+0
-3.40235E-1	3.13429E-3	1.93475E+1	6.80733E+0
-3.50248E-1	3.10534E-3	1.91688E+1	6.94294E+0
-3.60257E-1	3.10591E-3	1.91723E+1	7.14266E+0
-3.70231E-1	3.08759E-3	1.90592E+1	7.29711E+0
-3.80243E-1	3.08010E-3	1.90130E+1	7.47626E+0
-3.90254E-1	3.07297E-3	1.89690E+1	7.65533E+0
-4.00265E-1	3.04797E-3	1.88146E+1	7.78784E+0
-4.10237E-1	3.05050E-3	1.88302E+1	7.98848E+0
-4.20250E-1	3.02608E-3	1.86795E+1	8.11795E+0
-4.30259E-1	3.01877E-3	1.86344E+1	8.29122E+0
-4.40270E-1	3.00364E-3	1.85410E+1	8.44161E+0
-4.50245E-1	2.98636E-3	1.84343E+1	8.58321E+0
-4.60260E-1	2.97714E-3	1.83774E+1	8.74704E+0
-4.70269E-1	2.94234E-3	1.81626E+1	8.83279E+0
-4.80241E-1	2.92655E-3	1.80651E+1	8.97168E+0
-4.90254E-1	2.91297E-3	1.79813E+1	9.11624E+0
-5.00269E-1	2.88735E-3	1.78231E+1	9.22065E+0
-5.10282E-1	2.88365E-3	1.78003E+1	9.39315E+0
-5.20255E-1	2.86632E-3	1.76933E+1	9.51918E+0
-5.30261E-1	2.82865E-3	1.74608E+1	9.57475E+0
-5.40272E-1	2.81274E-3	1.73626E+1	9.70064E+0
-5.50287E-1	2.77516E-3	1.71306E+1	9.74846E+0
-5.60261E-1	2.75693E-3	1.70181E+1	9.85995E+0
-5.70270E-1	2.72961E-3	1.68494E+1	9.93664E+0
-5.80278E-1	2.67845E-3	1.65336E+1	9.92152E+0
-5.90291E-1	2.65921E-3	1.64149E+1	1.00202E+1
-6.00265E-1	2.62589E-3	1.62092E+1	1.00619E+1
-6.10279E-1	2.57165E-3	1.58744E+1	1.00184E+1
-6.20290E-1	2.53186E-3	1.56288E+1	1.00252E+1
-6.30266E-1	2.48050E-3	1.53117E+1	9.97980E+0
-6.40273E-1	2.41171E-3	1.48871E+1	9.85709E+0
-6.50288E-1	2.34142E-3	1.44532E+1	9.71949E+0
-6.60300E-1	2.25709E-3	1.39327E+1	9.51368E+0
-6.70272E-1	2.13312E-3	1.31674E+1	9.12693E+0
-6.80280E-1	2.04733E-3	1.26378E+1	8.89066E+0
-6.90291E-1	1.92332E-3	1.18723E+1	8.47505E+0
-7.00299E-1	1.75930E-3	1.08599E+1	7.86470E+0
-7.10276E-1	1.58967E-3	9.81278E+0	7.20763E+0
-7.20285E-1	1.39222E-3	8.59395E+0	6.40134E+0
-7.30296E-1	1.15903E-3	7.15451E+0	5.40321E+0
-7.40270E-1	9.02917E-4	5.57356E+0	4.26674E+0
-7.50279E-1	6.17931E-4	3.81439E+0	2.95952E+0
-7.60294E-1	3.01636E-4	1.86195E+0	1.46394E+0
-7.70307E-1	-4.25507E-5	-2.62659E-1	-2.09232E-1
-7.80282E-1	-4.10834E-4	-2.53601E+0	-2.04633E+0
-7.90298E-1	-8.09843E-4	-4.99903E+0	-4.08555E+0
-8.00308E-1	-1.23268E-3	-7.60914E+0	-6.29747E+0
-8.10314E-1	-1.68276E-3	-1.03874E+1	-8.70430E+0
-8.20292E-1	-2.15624E-3	-1.33101E+1	-1.12908E+1
-8.30304E-1	-2.65123E-3	-1.63656E+1	-1.40522E+1
-8.40309E-1	-3.16821E-3	-1.95569E+1	-1.69946E+1
-8.50283E-1	-3.70304E-3	-2.28583E+1	-2.00993E+1
-8.60289E-1	-4.25824E-3	-2.62854E+1	-2.33848E+1
-8.70301E-1	-4.82981E-3	-2.98136E+1	-2.68323E+1
-8.80311E-1	-5.41780E-3	-3.34432E+1	-3.04451E+1
-8.90290E-1	-6.01907E-3	-3.71548E+1	-3.42073E+1
-9.00301E-1	-6.63431E-3	-4.09525E+1	-3.81278E+1
-9.10309E-1	-7.26520E-3	-4.48469E+1	-4.22177E+1
-9.20322E-1	-7.90748E-3	-4.88116E+1	-4.64554E+1
-9.30296E-1	-8.55884E-3	-5.28323E+1	-5.08270E+1
-9.40312E-1	-9.22702E-3	-5.69569E+1	-5.53850E+1
-9.50319E-1	-9.90093E-3	-6.11169E+1	-6.00626E+1
-9.60297E-1	-1.05800E-2	-6.53086E+1	-6.48559E+1
-9.70308E-1	-1.12793E-2	-6.96253E+1	-6.98635E+1
-9.80322E-1	-1.19809E-2	-7.39562E+1	-7.49750E+1
-9.90332E-1	-1.26915E-2	-7.83426E+1	-8.02329E+1
-1.00031E+0	-1.34114E-2	-8.27864E+1	-8.56381E+1
-1.01031E+0	-1.41363E-2	-8.72611E+1	-9.11694E+1
