1.01001E+0	2.49668E-3	1.54116E+1	-1.58190E+1
1.00001E+0	2.50035E-3	1.54343E+1	-1.56854E+1
9.90015E-1	2.50627E-3	1.54708E+1	-1.55654E+1
9.80014E-1	2.49973E-3	1.54304E+1	-1.53679E+1
9.70018E-1	2.49556E-3	1.54047E+1	-1.51858E+1
9.60015E-1	2.50609E-3	1.54697E+1	-1.50926E+1
9.50015E-1	2.49841E-3	1.54223E+1	-1.48896E+1
9.40017E-1	2.49926E-3	1.54275E+1	-1.47379E+1
9.30008E-1	2.49408E-3	1.53956E+1	-1.45508E+1
9.20013E-1	2.48696E-3	1.53516E+1	-1.43533E+1
9.10010E-1	2.49838E-3	1.54221E+1	-1.42625E+1
9.00013E-1	2.49442E-3	1.53977E+1	-1.40834E+1
8.90012E-1	2.48689E-3	1.53512E+1	-1.38849E+1
8.80015E-1	2.49376E-3	1.53936E+1	-1.37669E+1
8.69980E-1	2.49056E-3	1.53738E+1	-1.35924E+1
8.59983E-1	2.48851E-3	1.53612E+1	-1.34251E+1
8.49984E-1	2.49547E-3	1.54041E+1	-1.33062E+1
8.39984E-1	2.48957E-3	1.53677E+1	-1.31185E+1
8.29984E-1	2.48600E-3	1.53457E+1	-1.29438E+1
8.19976E-1	2.48440E-3	1.53358E+1	-1.27795E+1
8.09982E-1	2.49448E-3	1.53980E+1	-1.26749E+1
7.99978E-1	2.48603E-3	1.53459E+1	-1.24760E+1
7.89979E-1	2.49064E-3	1.53743E+1	-1.23429E+1
7.79971E-1	2.49142E-3	1.53791E+1	-1.21903E+1
7.69975E-1	2.48778E-3	1.53567E+1	-1.20165E+1
7.59976E-1	2.49230E-3	1.53846E+1	-1.18820E+1
7.49974E-1	2.48009E-3	1.53092E+1	-1.16682E+1
7.39974E-1	2.47478E-3	1.52764E+1	-1.14880E+1
7.29975E-1	2.48275E-3	1.53256E+1	-1.13692E+1
7.19974E-1	2.48196E-3	1.53207E+1	-1.12099E+1
7.09975E-1	2.48005E-3	1.53090E+1	-1.10457E+1
6.99974E-1	2.48744E-3	1.53546E+1	-1.09226E+1
6.89974E-1	2.47887E-3	1.53017E+1	-1.07294E+1
6.79976E-1	2.48626E-3	1.53473E+1	-1.06055E+1
6.69977E-1	2.48224E-3	1.53225E+1	-1.04326E+1
6.59979E-1	2.47929E-3	1.53043E+1	-1.02647E+1
6.49983E-1	2.47910E-3	1.53031E+1	-1.01085E+1
6.39985E-1	2.48380E-3	1.53321E+1	-9.97186E+0
6.29973E-1	2.47755E-3	1.52935E+1	-9.79116E+0
6.19972E-1	2.46548E-3	1.52190E+1	-9.58878E+0
6.09973E-1	2.46601E-3	1.52223E+1	-9.43616E+0
5.99970E-1	2.47689E-3	1.52894E+1	-9.32237E+0
5.89971E-1	2.46934E-3	1.52428E+1	-9.13906E+0
5.79967E-1	2.47347E-3	1.52683E+1	-8.99912E+0
5.69970E-1	2.47680E-3	1.52889E+1	-8.85590E+0
5.59968E-1	2.46471E-3	1.52143E+1	-8.65803E+0
5.49972E-1	2.46700E-3	1.52284E+1	-8.51137E+0
5.39971E-1	2.46838E-3	1.52369E+1	-8.36127E+0
5.29974E-1	2.46078E-3	1.51900E+1	-8.18120E+0
5.19970E-1	2.46924E-3	1.52422E+1	-8.05437E+0
5.09970E-1	2.46383E-3	1.52088E+1	-7.88216E+0
4.99969E-1	2.46085E-3	1.51904E+1	-7.71824E+0
4.89965E-1	2.46716E-3	1.52294E+1	-7.58320E+0
4.79964E-1	2.47334E-3	1.52675E+1	-7.44702E+0
4.69969E-1	2.46461E-3	1.52136E+1	-7.26620E+0
4.59969E-1	2.47040E-3	1.52494E+1	-7.12830E+0
4.49960E-1	2.46331E-3	1.52056E+1	-6.95317E+0
4.39966E-1	2.46358E-3	1.52073E+1	-6.79948E+0
4.29965E-1	2.46632E-3	1.52242E+1	-6.65231E+0
4.19967E-1	2.45710E-3	1.51673E+1	-6.47333E+0
4.09969E-1	2.46039E-3	1.51876E+1	-6.32769E+0
3.99971E-1	2.46470E-3	1.52142E+1	-6.18418E+0
3.89970E-1	2.45553E-3	1.51576E+1	-6.00712E+0
3.79968E-1	2.45977E-3	1.51838E+1	-5.86316E+0
3.69967E-1	2.46317E-3	1.52048E+1	-5.71672E+0
3.59967E-1	2.45627E-3	1.51622E+1	-5.54662E+0
3.49968E-1	2.45273E-3	1.51403E+1	-5.38478E+0
3.39959E-1	2.45427E-3	1.51498E+1	-5.23406E+0
3.29965E-1	2.44289E-3	1.50796E+1	-5.05664E+0
3.19964E-1	2.44823E-3	1.51125E+1	-4.91409E+0
3.09964E-1	2.44283E-3	1.50792E+1	-4.75001E+0
2.99964E-1	2.43703E-3	1.50434E+1	-4.58585E+0
2.89971E-1	2.44742E-3	1.51075E+1	-4.45198E+0
2.79973E-1	2.44039E-3	1.50641E+1	-4.28613E+0
2.69969E-1	2.43350E-3	1.50216E+1	-4.12131E+0
2.59970E-1	2.44050E-3	1.50648E+1	-3.98008E+0
2.49973E-1	2.43476E-3	1.50294E+1	-3.81803E+0
2.39972E-1	2.43554E-3	1.50342E+1	-3.66645E+0
2.29966E-1	2.43950E-3	1.50586E+1	-3.51928E+0
2.19968E-1	2.43193E-3	1.50119E+1	-3.35583E+0
2.09969E-1	2.43267E-3	1.50165E+1	-3.20426E+0
1.99962E-1	2.42961E-3	1.49976E+1	-3.04771E+0
1.89961E-1	2.42103E-3	1.49446E+1	-2.88506E+0
1.79960E-1	2.42835E-3	1.49898E+1	-2.74143E+0
1.69962E-1	2.42400E-3	1.49630E+1	-2.58449E+0
1.59961E-1	2.42388E-3	1.49622E+1	-2.43229E+0
1.49964E-1	2.42502E-3	1.49693E+1	-2.28135E+0
1.39965E-1	2.41578E-3	1.49122E+1	-2.12113E+0
1.29963E-1	2.42144E-3	1.49472E+1	-1.97416E+0
1.19967E-1	2.42567E-3	1.49733E+1	-1.82551E+0
1.09966E-1	2.41712E-3	1.49205E+1	-1.66743E+0
9.99682E-2	2.41470E-3	1.49056E+1	-1.51431E+0
8.99625E-2	2.41697E-3	1.49196E+1	-1.36403E+0
7.99620E-2	2.40566E-3	1.48498E+1	-1.20672E+0
6.99651E-2	2.40944E-3	1.48731E+1	-1.05752E+0
5.99635E-2	2.41068E-3	1.48807E+1	-9.06810E-1
4.99561E-2	2.39961E-3	1.48124E+1	-7.52002E-1
3.99578E-2	2.40898E-3	1.48702E+1	-6.03844E-1
2.99561E-2	2.39931E-3	1.48106E+1	-4.50881E-1
1.99583E-2	2.40118E-3	1.48221E+1	-3.00634E-1
9.95898E-3	2.40236E-3	1.48294E+1	-1.50087E-1
-3.91006E-5	2.39202E-3	1.47656E+1	5.86730E-4
-9.90868E-3	2.39050E-3	1.47562E+1	1.48592E-1
-1.99101E-2	2.39339E-3	1.47740E+1	2.98935E-1
-2.99101E-2	2.38757E-3	1.47381E+1	4.47985E-1
-3.99115E-2	2.38563E-3	1.47261E+1	5.97298E-1
-4.99098E-2	2.38259E-3	1.47073E+1	7.45976E-1
-5.99151E-2	2.38873E-3	1.47452E+1	8.97828E-1
-6.99160E-2	2.38640E-3	1.47309E+1	1.04667E+0
-7.99153E-2	2.37319E-3	1.46493E+1	1.18974E+0
-8.99131E-2	2.37819E-3	1.46802E+1	1.34140E+0
-9.99174E-2	2.37622E-3	1.46680E+1	1.48942E+0
-1.09918E-1	2.37089E-3	1.46351E+1	1.63482E+0
-1.19920E-1	2.37501E-3	1.46606E+1	1.78668E+0
-1.29919E-1	2.36726E-3	1.46127E+1	1.92934E+0
-1.39916E-1	2.36790E-3	1.46167E+1	2.07836E+0
-1.49917E-1	2.37269E-3	1.46462E+1	2.23142E+0
-1.59913E-1	2.36621E-3	1.46062E+1	2.37371E+0
-1.69915E-1	2.36231E-3	1.45822E+1	2.51802E+0
-1.79915E-1	2.36584E-3	1.46040E+1	2.67019E+0
-1.89916E-1	2.35390E-3	1.45302E+1	2.80440E+0
-1.99914E-1	2.36086E-3	1.45732E+1	2.96076E+0
-2.09920E-1	2.36273E-3	1.45848E+1	3.11141E+0
-2.19919E-1	2.35451E-3	1.45340E+1	3.24828E+0
-2.29919E-1	2.36058E-3	1.45715E+1	3.40474E+0
-2.39923E-1	2.34842E-3	1.44964E+1	3.53458E+0
-2.49920E-1	2.34567E-3	1.44794E+1	3.67754E+0
-2.59920E-1	2.34928E-3	1.45017E+1	3.83058E+0
-2.69919E-1	2.34747E-3	1.44906E+1	3.97487E+0
-2.79918E-1	2.33881E-3	1.44371E+1	4.10691E+0
-2.89917E-1	2.33739E-3	1.44283E+1	4.25104E+0
-2.99912E-1	2.34251E-3	1.44599E+1	4.40722E+0
-3.09911E-1	2.33178E-3	1.43937E+1	4.53330E+0
-3.19913E-1	2.33120E-3	1.43901E+1	4.67844E+0
-3.29912E-1	2.33279E-3	1.43999E+1	4.82796E+0
-3.39911E-1	2.32120E-3	1.43284E+1	4.94957E+0
-3.49918E-1	2.32420E-3	1.43469E+1	5.10187E+0
-3.59917E-1	2.31854E-3	1.43120E+1	5.23488E+0
-3.69918E-1	2.31235E-3	1.42738E+1	5.36598E+0
-3.79916E-1	2.31722E-3	1.43038E+1	5.52261E+0
-3.89919E-1	2.31168E-3	1.42696E+1	5.65447E+0
-3.99917E-1	2.30422E-3	1.42236E+1	5.78074E+0
-4.09919E-1	2.30704E-3	1.42410E+1	5.93257E+0
-4.19915E-1	2.30096E-3	1.42035E+1	6.06122E+0
-4.29914E-1	2.29007E-3	1.41362E+1	6.17618E+0
-4.39910E-1	2.28863E-3	1.41273E+1	6.31581E+0
-4.49910E-1	2.27690E-3	1.40549E+1	6.42628E+0
-4.59911E-1	2.27064E-3	1.40163E+1	6.55107E+0
-4.69908E-1	2.27390E-3	1.40364E+1	6.70308E+0
-4.79907E-1	2.26123E-3	1.39582E+1	6.80756E+0
-4.89906E-1	2.25329E-3	1.39092E+1	6.92500E+0
-4.99912E-1	2.25254E-3	1.39046E+1	7.06409E+0
-5.09912E-1	2.24168E-3	1.38375E+1	7.17065E+0
-5.19912E-1	2.23614E-3	1.38033E+1	7.29321E+0
-5.29910E-1	2.23323E-3	1.37854E+1	7.42379E+0
-5.39913E-1	2.22061E-3	1.37075E+1	7.52118E+0
-5.49913E-1	2.20111E-3	1.35871E+1	7.59321E+0
-5.59913E-1	2.19287E-3	1.35362E+1	7.70235E+0
-5.69908E-1	2.17010E-3	1.33957E+1	7.75844E+0
-5.79906E-1	2.15710E-3	1.33154E+1	7.84726E+0
-5.89903E-1	2.14327E-3	1.32301E+1	7.93135E+0
-5.99905E-1	2.11665E-3	1.30657E+1	7.96565E+0
-6.09911E-1	2.09319E-3	1.29209E+1	8.00875E+0
-6.19906E-1	2.06543E-3	1.27496E+1	8.03205E+0
-6.29907E-1	2.02507E-3	1.25004E+1	8.00214E+0
-6.39944E-1	1.99649E-3	1.23240E+1	8.01492E+0
-6.49951E-1	1.96015E-3	1.20997E+1	7.99208E+0
-6.59954E-1	1.91043E-3	1.17928E+1	7.90924E+0
-6.69950E-1	1.85943E-3	1.14780E+1	7.81470E+0
-6.79949E-1	1.80487E-3	1.11412E+1	7.69861E+0
-6.89950E-1	1.73888E-3	1.07338E+1	7.52622E+0
-6.99952E-1	1.66951E-3	1.03056E+1	7.33073E+0
-7.09949E-1	1.59269E-3	9.83142E+0	7.09330E+0
-7.19947E-1	1.49748E-3	9.24370E+0	6.76319E+0
-7.29946E-1	1.39832E-3	8.63160E+0	6.40305E+0
-7.39948E-1	1.29062E-3	7.96679E+0	5.99086E+0
-7.49951E-1	1.16629E-3	7.19932E+0	5.48693E+0
-7.59954E-1	1.03658E-3	6.39864E+0	4.94174E+0
-7.69953E-1	8.92436E-4	5.50886E+0	4.31054E+0
-7.79953E-1	7.32931E-4	4.52427E+0	3.58609E+0
-7.89959E-1	5.65007E-4	3.48770E+0	2.79994E+0
-7.99959E-1	3.84611E-4	2.37414E+0	1.93010E+0
-8.09959E-1	1.90438E-4	1.17554E+0	9.67624E-1
-8.19960E-1	-1.10016E-5	-6.79111E-2	-5.65898E-2
-8.29968E-1	-2.23525E-4	-1.37978E+0	-1.16380E+0
-8.39968E-1	-4.47236E-4	-2.76072E+0	-2.35662E+0
-8.49968E-1	-6.77368E-4	-4.18128E+0	-3.61175E+0
-8.59968E-1	-9.19568E-4	-5.67635E+0	-4.96085E+0
-8.69967E-1	-1.16831E-3	-7.21179E+0	-6.37604E+0
-8.79969E-1	-1.42441E-3	-8.79265E+0	-7.86307E+0
-8.89966E-1	-1.68966E-3	-1.04300E+1	-9.43328E+0
-8.99968E-1	-1.96065E-3	-1.21028E+1	-1.10692E+1
-9.09969E-1	-2.23604E-3	-1.38027E+1	-1.27643E+1
-9.19965E-1	-2.51806E-3	-1.55436E+1	-1.45321E+1
-9.29963E-1	-2.80705E-3	-1.73275E+1	-1.63759E+1
-9.39975E-1	-3.10028E-3	-1.91375E+1	-1.82813E+1
-9.49972E-1	-3.39733E-3	-2.09712E+1	-2.02460E+1
-9.59968E-1	-3.70151E-3	-2.28488E+1	-2.22908E+1
-9.69973E-1	-4.00846E-3	-2.47436E+1	-2.43909E+1
-9.79970E-1	-4.31961E-3	-2.66643E+1	-2.65551E+1
-9.89972E-1	-4.63478E-3	-2.86098E+1	-2.87834E+1
-9.99966E-1	-4.95274E-3	-3.05725E+1	-3.10685E+1
-1.00997E+0	-5.27534E-3	-3.25638E+1	-3.34233E+1
