1.01003E+0	1.00434E-3	6.19963E+0	-6.32506E+0
1.00003E+0	1.12299E-3	6.93204E+0	-7.00227E+0
9.90031E-1	1.11714E-3	6.89593E+0	-6.89614E+0
9.80031E-1	1.11880E-3	6.90617E+0	-6.83663E+0
9.70034E-1	1.11885E-3	6.90648E+0	-6.76719E+0
9.60028E-1	1.11550E-3	6.88580E+0	-6.67734E+0
9.50029E-1	1.11625E-3	6.89043E+0	-6.61223E+0
9.40031E-1	1.11550E-3	6.88580E+0	-6.53825E+0
9.30027E-1	1.11158E-3	6.86160E+0	-6.44594E+0
9.20030E-1	1.11074E-3	6.85642E+0	-6.37183E+0
9.10026E-1	1.11140E-3	6.86049E+0	-6.30629E+0
9.00030E-1	1.10727E-3	6.83500E+0	-6.21384E+0
8.90027E-1	1.10835E-3	6.84167E+0	-6.15078E+0
8.80028E-1	1.10410E-3	6.81543E+0	-6.05835E+0
8.69994E-1	1.10278E-3	6.80728E+0	-5.98212E+0
8.59995E-1	1.10161E-3	6.80006E+0	-5.90709E+0
8.49995E-1	1.09821E-3	6.77907E+0	-5.82038E+0
8.39993E-1	1.09718E-3	6.77272E+0	-5.74650E+0
8.29993E-1	1.09922E-3	6.78531E+0	-5.68865E+0
8.19989E-1	1.09529E-3	6.76105E+0	-5.59999E+0
8.09993E-1	1.09242E-3	6.74333E+0	-5.51723E+0
7.99994E-1	1.09377E-3	6.75167E+0	-5.45585E+0
7.89993E-1	1.09151E-3	6.73772E+0	-5.37651E+0
7.79984E-1	1.09006E-3	6.72877E+0	-5.30134E+0
7.69989E-1	1.08731E-3	6.71179E+0	-5.22021E+0
7.59990E-1	1.08528E-3	6.69926E+0	-5.14280E+0
7.49991E-1	1.08612E-3	6.70444E+0	-5.07906E+0
7.39989E-1	1.08145E-3	6.67562E+0	-4.98978E+0
7.29987E-1	1.08382E-3	6.69025E+0	-4.93312E+0
7.19985E-1	1.07792E-3	6.65383E+0	-4.83905E+0
7.09987E-1	1.07914E-3	6.66136E+0	-4.77725E+0
6.99987E-1	1.07616E-3	6.64296E+0	-4.69696E+0
6.89988E-1	1.07430E-3	6.63148E+0	-4.62186E+0
6.79991E-1	1.07317E-3	6.62451E+0	-4.55011E+0
6.69987E-1	1.07337E-3	6.62574E+0	-4.48400E+0
6.59987E-1	1.06996E-3	6.60469E+0	-4.40304E+0
6.49989E-1	1.06931E-3	6.60068E+0	-4.33371E+0
6.39992E-1	1.06927E-3	6.60043E+0	-4.26689E+0
6.29984E-1	1.06381E-3	6.56673E+0	-4.17872E+0
6.19985E-1	1.06498E-3	6.57395E+0	-4.11692E+0
6.09985E-1	1.06067E-3	6.54735E+0	-4.03412E+0
5.99982E-1	1.06118E-3	6.55049E+0	-3.96988E+0
5.89978E-1	1.05611E-3	6.51920E+0	-3.88503E+0
5.79979E-1	1.05804E-3	6.53111E+0	-3.82617E+0
5.69983E-1	1.05570E-3	6.51667E+0	-3.75191E+0
5.59983E-1	1.05196E-3	6.49358E+0	-3.67302E+0
5.49987E-1	1.05018E-3	6.48259E+0	-3.60136E+0
5.39984E-1	1.05121E-3	6.48895E+0	-3.53932E+0
5.29985E-1	1.04941E-3	6.47784E+0	-3.46784E+0
5.19982E-1	1.04511E-3	6.45130E+0	-3.38844E+0
5.09979E-1	1.04354E-3	6.44160E+0	-3.31827E+0
4.99980E-1	1.04194E-3	6.43173E+0	-3.24822E+0
4.89974E-1	1.03883E-3	6.41253E+0	-3.17371E+0
4.79975E-1	1.03690E-3	6.40062E+0	-3.10317E+0
4.69979E-1	1.03673E-3	6.39957E+0	-3.03804E+0
4.59982E-1	1.03415E-3	6.38364E+0	-2.96602E+0
4.49978E-1	1.02898E-3	6.35173E+0	-2.88701E+0
4.39981E-1	1.02628E-3	6.33506E+0	-2.81546E+0
4.29980E-1	1.02643E-3	6.33599E+0	-2.75187E+0
4.19981E-1	1.02285E-3	6.31389E+0	-2.67850E+0
4.09983E-1	1.02066E-3	6.30037E+0	-2.60914E+0
3.99985E-1	1.02018E-3	6.29741E+0	-2.54431E+0
3.89989E-1	1.01597E-3	6.27142E+0	-2.47049E+0
3.79983E-1	1.01662E-3	6.27543E+0	-2.40864E+0
3.69986E-1	1.01391E-3	6.25870E+0	-2.33902E+0
3.59984E-1	1.00839E-3	6.22463E+0	-2.26340E+0
3.49986E-1	1.00824E-3	6.22370E+0	-2.20021E+0
3.39979E-1	1.00598E-3	6.20975E+0	-2.13251E+0
3.29982E-1	1.00184E-3	6.18420E+0	-2.06129E+0
3.19984E-1	1.00377E-3	6.19611E+0	-2.00268E+0
3.09974E-1	9.99720E-4	6.17111E+0	-1.93221E+0
2.99974E-1	9.94502E-4	6.13890E+0	-1.86011E+0
2.89972E-1	9.93818E-4	6.13468E+0	-1.79685E+0
2.79979E-1	9.92230E-4	6.12488E+0	-1.73216E+0
2.69974E-1	9.86325E-4	6.08843E+0	-1.66032E+0
2.59974E-1	9.81660E-4	6.05963E+0	-1.59126E+0
2.49975E-1	9.81186E-4	6.05670E+0	-1.52932E+0
2.39977E-1	9.76800E-4	6.02963E+0	-1.46159E+0
2.29976E-1	9.72895E-4	6.00552E+0	-1.39508E+0
2.19978E-1	9.72029E-4	6.00018E+0	-1.33324E+0
2.09977E-1	9.67196E-4	5.97035E+0	-1.26630E+0
1.99972E-1	9.63431E-4	5.94710E+0	-1.20127E+0
1.89974E-1	9.62082E-4	5.93878E+0	-1.13961E+0
1.79973E-1	9.57303E-4	5.90928E+0	-1.07425E+0
1.69971E-1	9.52566E-4	5.88004E+0	-1.00953E+0
1.59971E-1	9.50142E-4	5.86507E+0	-9.47719E-1
1.49972E-1	9.46708E-4	5.84388E+0	-8.85271E-1
1.39971E-1	9.40383E-4	5.80483E+0	-8.20715E-1
1.29971E-1	9.34771E-4	5.77019E+0	-7.57533E-1
1.19972E-1	9.32297E-4	5.75492E+0	-6.97403E-1
1.09972E-1	9.25382E-4	5.71223E+0	-6.34531E-1
9.99730E-2	9.19540E-4	5.67617E+0	-5.73196E-1
8.99708E-2	9.15976E-4	5.65417E+0	-5.13849E-1
7.99708E-2	9.10090E-4	5.61784E+0	-4.53801E-1
6.99692E-2	9.03493E-4	5.57712E+0	-3.94168E-1
5.99732E-2	8.99265E-4	5.55102E+0	-3.36275E-1
4.99640E-2	8.89001E-4	5.48766E+0	-2.76955E-1
3.99644E-2	8.82672E-4	5.44859E+0	-2.19949E-1
2.99609E-2	8.79337E-4	5.42801E+0	-1.64271E-1
1.99659E-2	8.73122E-4	5.38964E+0	-1.08696E-1
9.96280E-3	8.64048E-4	5.33363E+0	-5.36746E-2
-3.64780E-5	8.56283E-4	5.28570E+0	1.94759E-4
-9.88936E-3	8.51191E-4	5.25427E+0	5.24862E-2
-1.98915E-2	8.45312E-4	5.21798E+0	1.04842E-1
-2.98924E-2	8.35101E-4	5.15494E+0	1.55650E-1
-3.98932E-2	8.26678E-4	5.10295E+0	2.05629E-1
-4.98922E-2	8.21243E-4	5.06940E+0	2.55478E-1
-5.98969E-2	8.12800E-4	5.01728E+0	3.03555E-1
-6.98972E-2	8.02929E-4	4.95635E+0	3.49934E-1
-7.98991E-2	7.94341E-4	4.90334E+0	3.95730E-1
-8.99000E-2	7.89500E-4	4.87346E+0	4.42549E-1
-9.99086E-2	7.81048E-4	4.82128E+0	4.86553E-1
-1.09907E-1	7.70239E-4	4.75456E+0	5.27838E-1
-1.19909E-1	7.61344E-4	4.69965E+0	5.69223E-1
-1.29910E-1	7.54021E-4	4.65445E+0	6.10767E-1
-1.39909E-1	7.45849E-4	4.60401E+0	6.50648E-1
-1.49904E-1	7.36205E-4	4.54448E+0	6.88116E-1
-1.59904E-1	7.27008E-4	4.48770E+0	7.24850E-1
-1.69910E-1	7.19383E-4	4.44064E+0	7.62130E-1
-1.79906E-1	7.09878E-4	4.38196E+0	7.96304E-1
-1.89908E-1	6.98943E-4	4.31446E+0	8.27627E-1
-1.99902E-1	6.90265E-4	4.26090E+0	8.60365E-1
-2.09908E-1	6.81662E-4	4.20779E+0	8.92171E-1
-2.19908E-1	6.72647E-4	4.15214E+0	9.22312E-1
-2.29908E-1	6.65128E-4	4.10573E+0	9.53475E-1
-2.39914E-1	6.54723E-4	4.04150E+0	9.79406E-1
-2.49913E-1	6.47079E-4	3.99431E+0	1.00831E+0
-2.59907E-1	6.38240E-4	3.93975E+0	1.03431E+0
-2.69909E-1	6.28279E-4	3.87827E+0	1.05735E+0
-2.79909E-1	6.18389E-4	3.81722E+0	1.07927E+0
-2.89909E-1	6.11345E-4	3.77373E+0	1.10509E+0
-2.99905E-1	6.02812E-4	3.72106E+0	1.12724E+0
-3.09908E-1	5.92777E-4	3.65912E+0	1.14544E+0
-3.19911E-1	5.85041E-4	3.61136E+0	1.16698E+0
-3.29911E-1	5.74784E-4	3.54805E+0	1.18236E+0
-3.39909E-1	5.67499E-4	3.50308E+0	1.20276E+0
-3.49916E-1	5.58168E-4	3.44548E+0	1.21781E+0
-3.59915E-1	5.50188E-4	3.39622E+0	1.23470E+0
-3.69914E-1	5.41641E-4	3.34346E+0	1.24929E+0
-3.79912E-1	5.31925E-4	3.28349E+0	1.26004E+0
-3.89915E-1	5.23177E-4	3.22949E+0	1.27195E+0
-3.99913E-1	5.15866E-4	3.18436E+0	1.28633E+0
-4.09913E-1	5.07703E-4	3.13397E+0	1.29763E+0
-4.19912E-1	4.99181E-4	3.08136E+0	1.30697E+0
-4.29916E-1	4.90477E-4	3.02764E+0	1.31478E+0
-4.39914E-1	4.82929E-4	2.98104E+0	1.32465E+0
-4.49917E-1	4.74967E-4	2.93190E+0	1.33243E+0
-4.59919E-1	4.66233E-4	2.87798E+0	1.33701E+0
-4.69916E-1	4.57879E-4	2.82641E+0	1.34159E+0
-4.79921E-1	4.50713E-4	2.78218E+0	1.34871E+0
-4.89913E-1	4.41668E-4	2.72635E+0	1.34916E+0
-4.99921E-1	4.34052E-4	2.67933E+0	1.35298E+0
-5.09917E-1	4.26103E-4	2.63027E+0	1.35476E+0
-5.19919E-1	4.17572E-4	2.57760E+0	1.35368E+0
-5.29918E-1	4.09516E-4	2.52788E+0	1.35310E+0
-5.39923E-1	4.02526E-4	2.48473E+0	1.35511E+0
-5.49923E-1	3.93753E-4	2.43057E+0	1.35013E+0
-5.59919E-1	3.86389E-4	2.38512E+0	1.34896E+0
-5.69919E-1	3.78325E-4	2.33534E+0	1.34440E+0
-5.79919E-1	3.70141E-4	2.28482E+0	1.33840E+0
-5.89922E-1	3.62592E-4	2.23822E+0	1.33371E+0
-5.99922E-1	3.53984E-4	2.18509E+0	1.32412E+0
-6.09923E-1	3.45523E-4	2.13286E+0	1.31402E+0
-6.19923E-1	3.37923E-4	2.08594E+0	1.30619E+0
-6.29923E-1	3.29593E-4	2.03452E+0	1.29454E+0
-6.39955E-1	3.20789E-4	1.98018E+0	1.28003E+0
-6.49962E-1	3.12196E-4	1.92714E+0	1.26522E+0
-6.59962E-1	3.04328E-4	1.87857E+0	1.25231E+0
-6.69959E-1	2.95765E-4	1.82571E+0	1.23551E+0
-6.79963E-1	2.86344E-4	1.76756E+0	1.21401E+0
-6.89961E-1	2.76879E-4	1.70913E+0	1.19114E+0
-6.99961E-1	2.67734E-4	1.65268E+0	1.16850E+0
-7.09960E-1	2.58682E-4	1.59680E+0	1.14512E+0
-7.19960E-1	2.48221E-4	1.53223E+0	1.11429E+0
-7.29958E-1	2.38174E-4	1.47021E+0	1.08403E+0
-7.39957E-1	2.28121E-4	1.40815E+0	1.05250E+0
-7.49956E-1	2.16328E-4	1.33536E+0	1.01158E+0
-7.59958E-1	2.04409E-4	1.26178E+0	9.68589E-1
-7.69958E-1	1.91927E-4	1.18473E+0	9.21410E-1
-7.79956E-1	1.77806E-4	1.09757E+0	8.64702E-1
-7.89964E-1	1.62474E-4	1.00293E+0	8.00278E-1
-7.99965E-1	1.46134E-4	9.02062E-1	7.28907E-1
-8.09965E-1	1.27949E-4	7.89809E-1	6.46179E-1
-8.19964E-1	1.07654E-4	6.64531E-1	5.50395E-1
-8.29972E-1	8.49807E-5	5.24572E-1	4.39778E-1
-8.39971E-1	5.89460E-5	3.63864E-1	3.08723E-1
-8.49974E-1	3.02276E-5	1.86590E-1	1.60199E-1
-8.59976E-1	-2.94740E-6	-1.81938E-2	-1.58043E-2
-8.69973E-1	-4.09978E-5	-2.53073E-1	-2.22390E-1
-8.79971E-1	-8.37332E-5	-5.16872E-1	-4.59426E-1
-8.89971E-1	-1.32420E-4	-8.17407E-1	-7.34817E-1
-8.99971E-1	-1.87619E-4	-1.15814E+0	-1.05282E+0
-9.09971E-1	-2.49614E-4	-1.54083E+0	-1.41627E+0
-9.19968E-1	-3.18141E-4	-1.96383E+0	-1.82491E+0
-9.29969E-1	-3.93999E-4	-2.43209E+0	-2.28462E+0
-9.39974E-1	-4.77106E-4	-2.94510E+0	-2.79628E+0
-9.49970E-1	-5.66955E-4	-3.49972E+0	-3.35821E+0
-9.59971E-1	-6.63922E-4	-4.09828E+0	-3.97397E+0
-9.69972E-1	-7.67446E-4	-4.73732E+0	-4.64148E+0
-9.79978E-1	-8.77050E-4	-5.41389E+0	-5.35908E+0
-9.89980E-1	-9.93023E-4	-6.12977E+0	-6.12965E+0
-9.99974E-1	-1.11470E-3	-6.88086E+0	-6.95019E+0
-1.00997E+0	-1.24168E-3	-7.66469E+0	-7.81930E+0
