1.01004E+0	3.47117E-3	2.14270E+1	-2.21743E+1
1.00005E+0	3.45456E-3	2.13244E+1	-2.18499E+1
9.90047E-1	3.46928E-3	2.14153E+1	-2.17235E+1
9.80047E-1	3.45900E-3	2.13519E+1	-2.14404E+1
9.70048E-1	3.45878E-3	2.13505E+1	-2.12203E+1
9.60045E-1	3.47025E-3	2.14213E+1	-2.10711E+1
9.50047E-1	3.46106E-3	2.13646E+1	-2.07965E+1
9.40049E-1	3.45452E-3	2.13242E+1	-2.05387E+1
9.30043E-1	3.46078E-3	2.13628E+1	-2.03569E+1
9.20040E-1	3.45333E-3	2.13169E+1	-2.00946E+1
9.10038E-1	3.46768E-3	2.14054E+1	-1.99588E+1
9.00038E-1	3.46005E-3	2.13583E+1	-1.96960E+1
8.90047E-1	3.46847E-3	2.14103E+1	-1.95248E+1
8.80037E-1	3.46284E-3	2.13756E+1	-1.92739E+1
8.70004E-1	3.45706E-3	2.13399E+1	-1.90223E+1
8.60007E-1	3.46235E-3	2.13725E+1	-1.88325E+1
8.50007E-1	3.45428E-3	2.13227E+1	-1.85701E+1
8.40005E-1	3.45749E-3	2.13425E+1	-1.83687E+1
8.30005E-1	3.45474E-3	2.13256E+1	-1.81356E+1
8.19999E-1	3.45767E-3	2.13436E+1	-1.79321E+1
8.10001E-1	3.44376E-3	2.12578E+1	-1.76422E+1
8.00001E-1	3.45744E-3	2.13422E+1	-1.74936E+1
7.90004E-1	3.45722E-3	2.13409E+1	-1.72739E+1
7.79994E-1	3.45245E-3	2.13114E+1	-1.70315E+1
7.69998E-1	3.46383E-3	2.13817E+1	-1.68687E+1
7.59998E-1	3.44751E-3	2.12809E+1	-1.65712E+1
7.49998E-1	3.44902E-3	2.12902E+1	-1.63603E+1
7.39998E-1	3.44611E-3	2.12723E+1	-1.61285E+1
7.30000E-1	3.44571E-3	2.12698E+1	-1.59088E+1
7.19999E-1	3.45444E-3	2.13237E+1	-1.57306E+1
7.10002E-1	3.45330E-3	2.13167E+1	-1.55070E+1
7.00000E-1	3.44899E-3	2.12901E+1	-1.52695E+1
6.90000E-1	3.44057E-3	2.12381E+1	-1.50146E+1
6.79996E-1	3.44403E-3	2.12594E+1	-1.48118E+1
6.69991E-1	3.44012E-3	2.12353E+1	-1.45773E+1
6.59992E-1	3.45527E-3	2.13288E+1	-1.44230E+1
6.49994E-1	3.44400E-3	2.12593E+1	-1.41582E+1
6.39991E-1	3.44068E-3	2.12388E+1	-1.39269E+1
6.29985E-1	3.44455E-3	2.12627E+1	-1.37245E+1
6.19982E-1	3.43420E-3	2.11988E+1	-1.34660E+1
6.09985E-1	3.44367E-3	2.12572E+1	-1.32854E+1
5.99983E-1	3.43535E-3	2.12059E+1	-1.30360E+1
5.89982E-1	3.43536E-3	2.12059E+1	-1.28188E+1
5.79983E-1	3.44387E-3	2.12585E+1	-1.26327E+1
5.69987E-1	3.43651E-3	2.12130E+1	-1.23885E+1
5.59986E-1	3.43461E-3	2.12013E+1	-1.21644E+1
5.49988E-1	3.44724E-3	2.12793E+1	-1.19911E+1
5.39986E-1	3.44149E-3	2.12438E+1	-1.17534E+1
5.29984E-1	3.43902E-3	2.12285E+1	-1.15274E+1
5.19982E-1	3.43924E-3	2.12299E+1	-1.13106E+1
5.09982E-1	3.42814E-3	2.11614E+1	-1.10573E+1
4.99984E-1	3.44105E-3	2.12410E+1	-1.08813E+1
4.89978E-1	3.42626E-3	2.11498E+1	-1.06177E+1
4.79979E-1	3.43721E-3	2.12173E+1	-1.04343E+1
4.69979E-1	3.43705E-3	2.12164E+1	-1.02164E+1
4.59979E-1	3.42869E-3	2.11648E+1	-9.97474E+0
4.49979E-1	3.43400E-3	2.11975E+1	-9.77300E+0
4.39979E-1	3.43823E-3	2.12236E+1	-9.56758E+0
4.29980E-1	3.43479E-3	2.12024E+1	-9.34079E+0
4.19977E-1	3.42163E-3	2.11212E+1	-9.08853E+0
4.09981E-1	3.43178E-3	2.11838E+1	-8.89853E+0
3.99982E-1	3.42879E-3	2.11654E+1	-8.67394E+0
3.89982E-1	3.42143E-3	2.11199E+1	-8.43893E+0
3.79978E-1	3.43576E-3	2.12084E+1	-8.25689E+0
3.69977E-1	3.43113E-3	2.11798E+1	-8.02873E+0
3.59977E-1	3.42983E-3	2.11718E+1	-7.80877E+0
3.49978E-1	3.43453E-3	2.12008E+1	-7.60227E+0
3.39968E-1	3.42525E-3	2.11435E+1	-7.36488E+0
3.29973E-1	3.43352E-3	2.11946E+1	-7.16561E+0
3.19976E-1	3.42726E-3	2.11559E+1	-6.93585E+0
3.09969E-1	3.41145E-3	2.10583E+1	-6.68794E+0
2.99972E-1	3.42152E-3	2.11205E+1	-6.49135E+0
2.89968E-1	3.41757E-3	2.10961E+1	-6.26762E+0
2.79971E-1	3.41498E-3	2.10801E+1	-6.04695E+0
2.69971E-1	3.42868E-3	2.11647E+1	-5.85436E+0
2.59974E-1	3.41603E-3	2.10866E+1	-5.61677E+0
2.49976E-1	3.41559E-3	2.10839E+1	-5.40007E+0
2.39976E-1	3.42021E-3	2.11124E+1	-5.19106E+0
2.29974E-1	3.40516E-3	2.10195E+1	-4.95281E+0
2.19973E-1	3.41215E-3	2.10627E+1	-4.74715E+0
2.09974E-1	3.40658E-3	2.10283E+1	-4.52397E+0
1.99968E-1	3.39927E-3	2.09831E+1	-4.29914E+0
1.89961E-1	3.40065E-3	2.09917E+1	-4.08565E+0
1.79968E-1	3.40520E-3	2.10198E+1	-3.87590E+0
1.69974E-1	3.39964E-3	2.09854E+1	-3.65469E+0
1.59967E-1	3.40044E-3	2.09904E+1	-3.44033E+0
1.49969E-1	3.41138E-3	2.10579E+1	-3.23569E+0
1.39969E-1	3.39129E-3	2.09339E+1	-3.00215E+0
1.29966E-1	3.39772E-3	2.09736E+1	-2.79288E+0
1.19966E-1	3.40460E-3	2.10160E+1	-2.58321E+0
1.09968E-1	3.40456E-3	2.10158E+1	-2.36790E+0
9.99672E-2	3.40925E-3	2.10448E+1	-2.15552E+0
8.99646E-2	3.39131E-3	2.09340E+1	-1.92963E+0
7.99644E-2	3.38747E-3	2.09103E+1	-1.71320E+0
6.99656E-2	3.39846E-3	2.09781E+1	-1.50384E+0
5.99689E-2	3.39942E-3	2.09841E+1	-1.28934E+0
4.99575E-2	3.38285E-3	2.08818E+1	-1.06885E+0
3.99613E-2	3.39478E-3	2.09554E+1	-8.57998E-1
2.99640E-2	3.39140E-3	2.09346E+1	-6.42708E-1
1.99652E-2	3.38148E-3	2.08733E+1	-4.26988E-1
9.96256E-3	3.38795E-3	2.09133E+1	-2.13473E-1
-4.10080E-5	3.37905E-3	2.08583E+1	8.76392E-4
-9.86075E-3	3.38460E-3	2.08926E+1	2.11083E-1
-1.98638E-2	3.37444E-3	2.08299E+1	4.23935E-1
-2.98696E-2	3.37669E-3	2.08438E+1	6.37905E-1
-3.98684E-2	3.37997E-3	2.08640E+1	8.52269E-1
-4.98674E-2	3.36797E-3	2.07899E+1	1.06223E+0
-5.98710E-2	3.37288E-3	2.08202E+1	1.27718E+0
-6.98647E-2	3.37470E-3	2.08315E+1	1.49117E+0
-7.98662E-2	3.35831E-3	2.07303E+1	1.69636E+0
-8.98645E-2	3.36484E-3	2.07706E+1	1.91244E+0
-9.98714E-2	3.35657E-3	2.07196E+1	2.12018E+0
-1.09868E-1	3.35137E-3	2.06875E+1	2.32878E+0
-1.19869E-1	3.35987E-3	2.07399E+1	2.54721E+0
-1.29872E-1	3.34989E-3	2.06783E+1	2.75157E+0
-1.39871E-1	3.34066E-3	2.06214E+1	2.95526E+0
-1.49873E-1	3.33878E-3	2.06098E+1	3.16480E+0
-1.59872E-1	3.34200E-3	2.06296E+1	3.37920E+0
-1.69877E-1	3.33960E-3	2.06148E+1	3.58810E+0
-1.79879E-1	3.33173E-3	2.05662E+1	3.79040E+0
-1.89886E-1	3.32941E-3	2.05519E+1	3.99848E+0
-1.99877E-1	3.33249E-3	2.05709E+1	4.21276E+0
-2.09882E-1	3.33212E-3	2.05686E+1	4.42314E+0
-2.19884E-1	3.31729E-3	2.04771E+1	4.61331E+0
-2.29881E-1	3.31263E-3	2.04483E+1	4.81627E+0
-2.39885E-1	3.31203E-3	2.04446E+1	5.02496E+0
-2.49881E-1	3.29413E-3	2.03341E+1	5.20606E+0
-2.59887E-1	3.29623E-3	2.03471E+1	5.41798E+0
-2.69883E-1	3.29130E-3	2.03167E+1	5.61795E+0
-2.79882E-1	3.28548E-3	2.02807E+1	5.81579E+0
-2.89881E-1	3.28745E-3	2.02929E+1	6.02718E+0
-2.99881E-1	3.27703E-3	2.02286E+1	6.21533E+0
-3.09877E-1	3.28142E-3	2.02557E+1	6.43112E+0
-3.19880E-1	3.27141E-3	2.01939E+1	6.61846E+0
-3.29880E-1	3.25945E-3	2.01201E+1	6.80042E+0
-3.39880E-1	3.26187E-3	2.01350E+1	7.01177E+0
-3.49883E-1	3.25427E-3	2.00881E+1	7.20131E+0
-3.59881E-1	3.24432E-3	2.00267E+1	7.38444E+0
-3.69883E-1	3.24584E-3	2.00360E+1	7.59323E+0
-3.79880E-1	3.22825E-3	1.99275E+1	7.75620E+0
-3.89885E-1	3.22898E-3	1.99320E+1	7.96227E+0
-3.99883E-1	3.20930E-3	1.98105E+1	8.11668E+0
-4.09880E-1	3.19875E-3	1.97454E+1	8.29225E+0
-4.19883E-1	3.19077E-3	1.96961E+1	8.47342E+0
-4.29884E-1	3.17378E-3	1.95912E+1	8.62906E+0
-4.39882E-1	3.18062E-3	1.96335E+1	8.84877E+0
-4.49882E-1	3.16055E-3	1.95096E+1	8.99283E+0
-4.59886E-1	3.14243E-3	1.93977E+1	9.14010E+0
-4.69884E-1	3.13684E-3	1.93632E+1	9.32220E+0
-4.79883E-1	3.12268E-3	1.92758E+1	9.47759E+0
-4.89881E-1	3.09428E-3	1.91005E+1	9.58706E+0
-4.99892E-1	3.07634E-3	1.89898E+1	9.72626E+0
-5.09888E-1	3.06806E-3	1.89386E+1	9.89404E+0
-5.19888E-1	3.04305E-3	1.87843E+1	1.00059E+1
-5.29886E-1	3.01783E-3	1.86286E+1	1.01138E+1
-5.39891E-1	3.00653E-3	1.85588E+1	1.02661E+1
-5.49892E-1	2.98241E-3	1.84099E+1	1.03724E+1
-5.59892E-1	2.95490E-3	1.82401E+1	1.04636E+1
-5.69890E-1	2.93958E-3	1.81456E+1	1.05953E+1
-5.79885E-1	2.90682E-3	1.79433E+1	1.06609E+1
-5.89886E-1	2.87500E-3	1.77469E+1	1.07261E+1
-5.99886E-1	2.84083E-3	1.75360E+1	1.07783E+1
-6.09890E-1	2.80813E-3	1.73341E+1	1.08319E+1
-6.19891E-1	2.76348E-3	1.70585E+1	1.08344E+1
-6.29892E-1	2.71019E-3	1.67296E+1	1.07969E+1
-6.39925E-1	2.66393E-3	1.64440E+1	1.07817E+1
-6.49931E-1	2.60669E-3	1.60907E+1	1.07150E+1
-6.59929E-1	2.53778E-3	1.56653E+1	1.05922E+1
-6.69930E-1	2.47368E-3	1.52696E+1	1.04811E+1
-6.79932E-1	2.39775E-3	1.48009E+1	1.03111E+1
-6.89932E-1	2.30443E-3	1.42249E+1	1.00555E+1
-6.99934E-1	2.20578E-3	1.36159E+1	9.76460E+0
-7.09930E-1	2.09984E-3	1.29620E+1	9.42838E+0
-7.19928E-1	1.97832E-3	1.22119E+1	9.00784E+0
-7.29927E-1	1.83740E-3	1.13420E+1	8.48239E+0
-7.39927E-1	1.68401E-3	1.03951E+1	7.88077E+0
-7.49929E-1	1.52080E-3	9.38765E+0	7.21319E+0
-7.59931E-1	1.34003E-3	8.27179E+0	6.44056E+0
-7.69932E-1	1.13689E-3	7.01784E+0	5.53613E+0
-7.79932E-1	9.15852E-4	5.65341E+0	4.51770E+0
-7.89942E-1	6.77310E-4	4.18093E+0	3.38390E+0
-7.99938E-1	4.25017E-4	2.62356E+0	2.15029E+0
-8.09942E-1	1.53052E-4	9.44765E-1	7.84022E-1
-8.19940E-1	-1.40872E-4	-8.69580E-1	-7.30537E-1
-8.29945E-1	-4.50148E-4	-2.77869E+0	-2.36287E+0
-8.39944E-1	-7.74612E-4	-4.78156E+0	-4.11500E+0
-8.49945E-1	-1.11802E-3	-6.90136E+0	-6.01002E+0
-8.59945E-1	-1.47841E-3	-9.12599E+0	-8.04083E+0
-8.69943E-1	-1.85330E-3	-1.14401E+1	-1.01970E+1
-8.79943E-1	-2.24028E-3	-1.38289E+1	-1.24679E+1
-8.89941E-1	-2.64162E-3	-1.63063E+1	-1.48685E+1
-8.99945E-1	-3.05758E-3	-1.88740E+1	-1.74032E+1
-9.09941E-1	-3.48645E-3	-2.15213E+1	-2.00647E+1
-9.19944E-1	-3.92635E-3	-2.42367E+1	-2.28447E+1
-9.29943E-1	-4.37669E-3	-2.70166E+1	-2.57417E+1
-9.39953E-1	-4.83813E-3	-2.98650E+1	-2.87620E+1
-9.49948E-1	-5.30865E-3	-3.27694E+1	-3.18947E+1
-9.59949E-1	-5.78913E-3	-3.57354E+1	-3.51477E+1
-9.69952E-1	-6.27885E-3	-3.87583E+1	-3.85182E+1
-9.79951E-1	-6.77595E-3	-4.18269E+1	-4.19962E+1
-9.89949E-1	-7.28124E-3	-4.49459E+1	-4.55883E+1
-9.99951E-1	-7.79580E-3	-4.81222E+1	-4.93031E+1
-1.00995E+0	-8.31588E-3	-5.13326E+1	-5.31182E+1
