1.01002E+0	1.66386E-5	1.02707E-1	-1.03737E-1
1.00002E+0	1.64865E-5	1.01769E-1	-1.01771E-1
9.90026E-1	1.63044E-5	1.00644E-1	-9.96406E-2
9.80027E-1	1.61065E-5	9.94228E-2	-9.74371E-2
9.70029E-1	1.59148E-5	9.82395E-2	-9.52952E-2
9.60027E-1	1.57175E-5	9.70216E-2	-9.31434E-2
9.50026E-1	1.55249E-5	9.58327E-2	-9.10436E-2
9.40027E-1	1.53323E-5	9.46438E-2	-8.89678E-2
9.30014E-1	1.51394E-5	9.34531E-2	-8.69127E-2
9.20019E-1	1.49458E-5	9.22580E-2	-8.48791E-2
9.10019E-1	1.47518E-5	9.10605E-2	-8.28668E-2
9.00022E-1	1.45658E-5	8.99123E-2	-8.09231E-2
8.90019E-1	1.43694E-5	8.87000E-2	-7.89447E-2
8.80021E-1	1.41733E-5	8.74895E-2	-7.69926E-2
8.69983E-1	1.39796E-5	8.62938E-2	-7.50742E-2
8.59985E-1	1.37925E-5	8.51389E-2	-7.32182E-2
8.49984E-1	1.36025E-5	8.39660E-2	-7.13698E-2
8.39984E-1	1.34167E-5	8.28191E-2	-6.95667E-2
8.29988E-1	1.32262E-5	8.16432E-2	-6.77629E-2
8.19981E-1	1.30329E-5	8.04500E-2	-6.59675E-2
8.09987E-1	1.28508E-5	7.93259E-2	-6.42530E-2
7.99983E-1	1.26611E-5	7.81549E-2	-6.25226E-2
7.89985E-1	1.24739E-5	7.69994E-2	-6.08284E-2
7.79975E-1	1.22871E-5	7.58463E-2	-5.91582E-2
7.69975E-1	1.21032E-5	7.47111E-2	-5.75257E-2
7.59976E-1	1.19171E-5	7.35623E-2	-5.59056E-2
7.49980E-1	1.17374E-5	7.24531E-2	-5.43384E-2
7.39976E-1	1.15497E-5	7.12944E-2	-5.27562E-2
7.29977E-1	1.13689E-5	7.01784E-2	-5.12286E-2
7.19976E-1	1.11874E-5	6.90580E-2	-4.97201E-2
7.09975E-1	1.10116E-5	6.79728E-2	-4.82590E-2
6.99971E-1	1.08295E-5	6.68488E-2	-4.67922E-2
6.89977E-1	1.06463E-5	6.57179E-2	-4.53438E-2
6.79980E-1	1.04652E-5	6.46000E-2	-4.39267E-2
6.69974E-1	1.02924E-5	6.35333E-2	-4.25657E-2
6.59975E-1	1.01160E-5	6.24444E-2	-4.12118E-2
6.49963E-1	7.08998E-6	4.37653E-2	-2.84458E-2
6.39964E-1	8.12826E-6	5.01744E-2	-3.21098E-2
6.29958E-1	8.65534E-6	5.34280E-2	-3.36574E-2
6.19962E-1	8.89677E-6	5.49183E-2	-3.40473E-2
6.09963E-1	8.96302E-6	5.53273E-2	-3.37476E-2
5.99961E-1	8.94397E-6	5.52097E-2	-3.31237E-2
5.89963E-1	8.87104E-6	5.47595E-2	-3.23061E-2
5.79964E-1	8.75853E-6	5.40650E-2	-3.13558E-2
5.69969E-1	8.62017E-6	5.32109E-2	-3.03286E-2
5.59968E-1	8.47204E-6	5.22965E-2	-2.92844E-2
5.49972E-1	8.31617E-6	5.13344E-2	-2.82325E-2
5.39967E-1	8.15510E-6	5.03401E-2	-2.71820E-2
5.29967E-1	7.99414E-6	4.93465E-2	-2.61520E-2
5.19963E-1	7.83539E-6	4.83666E-2	-2.51488E-2
5.09961E-1	7.67086E-6	4.73510E-2	-2.41472E-2
4.99965E-1	7.50865E-6	4.63497E-2	-2.31732E-2
4.89959E-1	7.34812E-6	4.53588E-2	-2.22239E-2
4.79962E-1	7.18014E-6	4.43219E-2	-2.12728E-2
4.69964E-1	7.02050E-6	4.33364E-2	-2.03666E-2
4.59966E-1	6.86454E-6	4.23737E-2	-1.94905E-2
4.49963E-1	6.70523E-6	4.13903E-2	-1.86241E-2
4.39969E-1	6.54547E-6	4.04041E-2	-1.77766E-2
4.29969E-1	6.38442E-6	3.94100E-2	-1.69451E-2
4.19970E-1	6.22620E-6	3.84333E-2	-1.61408E-2
4.09969E-1	6.06651E-6	3.74476E-2	-1.53524E-2
3.99967E-1	5.91024E-6	3.64830E-2	-1.45920E-2
3.89969E-1	5.75613E-6	3.55317E-2	-1.38562E-2
3.79967E-1	5.60186E-6	3.45794E-2	-1.31390E-2
3.69967E-1	5.44772E-6	3.36279E-2	-1.24412E-2
3.59968E-1	5.29553E-6	3.26885E-2	-1.17668E-2
3.49967E-1	5.14340E-6	3.17494E-2	-1.11112E-2
3.39964E-1	4.99316E-6	3.08220E-2	-1.04784E-2
3.29969E-1	4.84637E-6	2.99159E-2	-9.87131E-3
3.19969E-1	4.70007E-6	2.90128E-2	-9.28319E-3
3.09969E-1	4.55251E-6	2.81019E-2	-8.71072E-3
2.99969E-1	4.40366E-6	2.71831E-2	-8.15408E-3
2.89966E-1	4.25837E-6	2.62862E-2	-7.62211E-3
2.79970E-1	4.11301E-6	2.53890E-2	-7.10814E-3
2.69974E-1	3.96660E-6	2.44852E-2	-6.61036E-3
2.59973E-1	3.82520E-6	2.36123E-2	-6.13857E-3
2.49973E-1	3.68389E-6	2.27401E-2	-5.68440E-3
2.39973E-1	3.54083E-6	2.18570E-2	-5.24508E-3
2.29969E-1	3.40225E-6	2.10015E-2	-4.82970E-3
2.19970E-1	3.26350E-6	2.01451E-2	-4.43131E-3
2.09970E-1	3.12682E-6	1.93014E-2	-4.05271E-3
1.99964E-1	2.98929E-6	1.84524E-2	-3.68982E-3
1.89964E-1	2.85470E-6	1.76216E-2	-3.34747E-3
1.79965E-1	2.71802E-6	1.67779E-2	-3.01943E-3
1.69967E-1	2.58128E-6	1.59338E-2	-2.70822E-3
1.59967E-1	2.44501E-6	1.50927E-2	-2.41433E-3
1.49968E-1	2.31145E-6	1.42682E-2	-2.13977E-3
1.39968E-1	2.17849E-6	1.34475E-2	-1.88222E-3
1.29968E-1	2.04573E-6	1.26280E-2	-1.64123E-3
1.19969E-1	1.91483E-6	1.18199E-2	-1.41803E-3
1.09967E-1	1.78529E-6	1.10203E-2	-1.21187E-3
9.99675E-2	1.65544E-6	1.02188E-2	-1.02154E-3
8.99644E-2	1.52742E-6	9.42852E-3	-8.48231E-4
7.99656E-2	1.39825E-6	8.63117E-3	-6.90197E-4
6.99656E-2	1.27157E-6	7.84920E-3	-5.49174E-4
5.99675E-2	1.14400E-6	7.06173E-3	-4.23474E-4
4.99578E-2	1.01550E-6	6.26852E-3	-3.13161E-4
3.99587E-2	8.73604E-7	5.39262E-3	-2.15482E-4
2.99580E-2	7.48642E-7	4.62125E-3	-1.38443E-4
1.99618E-2	6.23924E-7	3.85138E-3	-7.68805E-5
9.96113E-3	4.96595E-7	3.06540E-3	-3.05349E-5
-3.48091E-5	3.70053E-7	2.28428E-3	7.95137E-8
-9.90844E-3	2.43451E-7	1.50278E-3	1.48902E-5
-1.99103E-2	1.21385E-7	7.49290E-4	1.49186E-5
-2.99010E-2	-4.87676E-8	-3.01035E-4	-9.00123E-6
-3.98972E-2	-5.67256E-8	-3.50158E-4	-1.39703E-5
-4.99001E-2	-6.76136E-8	-4.17368E-4	-2.08267E-5
-5.99084E-2	-8.22774E-8	-5.07885E-4	-3.04266E-5
-6.99031E-2	-2.08715E-6	-1.28836E-2	-9.00607E-4
-7.99043E-2	-1.60223E-6	-9.89031E-3	-7.90278E-4
-8.99007E-2	-1.39219E-6	-8.59377E-3	-7.72586E-4
-9.99076E-2	-1.24888E-6	-7.70914E-3	-7.70201E-4
-1.09902E-1	-1.31163E-6	-8.09648E-3	-8.89820E-4
-1.19904E-1	-1.41257E-6	-8.71957E-3	-1.04551E-3
-1.29905E-1	-1.53877E-6	-9.49858E-3	-1.23391E-3
-1.39902E-1	-1.68232E-6	-1.03847E-2	-1.45284E-3
-1.49904E-1	-1.83668E-6	-1.13375E-2	-1.69954E-3
-1.59901E-1	-1.99783E-6	-1.23323E-2	-1.97194E-3
-1.69902E-1	-2.16873E-6	-1.33872E-2	-2.27452E-3
-1.79898E-1	-2.34156E-6	-1.44541E-2	-2.60026E-3
-1.89899E-1	-2.52033E-6	-1.55576E-2	-2.95437E-3
-1.99899E-1	-2.70532E-6	-1.66995E-2	-3.33821E-3
-2.09904E-1	-2.89179E-6	-1.78506E-2	-3.74690E-3
-2.19904E-1	-3.08412E-6	-1.90378E-2	-4.18648E-3
-2.29903E-1	-3.28495E-6	-2.02775E-2	-4.66185E-3
-2.39907E-1	-3.48450E-6	-2.15093E-2	-5.16022E-3
-2.49906E-1	-3.68836E-6	-2.27677E-2	-5.68977E-3
-2.59908E-1	-3.89748E-6	-2.40585E-2	-6.25300E-3
-2.69907E-1	-4.11430E-6	-2.53969E-2	-6.85480E-3
-2.79906E-1	-4.33906E-6	-2.67843E-2	-7.49709E-3
-2.89906E-1	-4.56838E-6	-2.81999E-2	-8.17531E-3
-2.99902E-1	-4.80414E-6	-2.96552E-2	-8.89365E-3
-3.09897E-1	-5.03949E-6	-3.11080E-2	-9.64026E-3
-3.19903E-1	-5.28285E-6	-3.26102E-2	-1.04321E-2
-3.29904E-1	-5.53403E-6	-3.41607E-2	-1.12697E-2
-3.39908E-1	-5.79103E-6	-3.57471E-2	-1.21507E-2
-3.49909E-1	-6.05461E-6	-3.73741E-2	-1.30775E-2
-3.59908E-1	-6.31883E-6	-3.90051E-2	-1.40383E-2
-3.69909E-1	-6.59415E-6	-4.07046E-2	-1.50570E-2
-3.79909E-1	-6.87582E-6	-4.24433E-2	-1.61246E-2
-3.89913E-1	-7.16824E-6	-4.42484E-2	-1.72530E-2
-3.99909E-1	-7.47271E-6	-4.61278E-2	-1.84469E-2
-4.09907E-1	-7.78381E-6	-4.80482E-2	-1.96953E-2
-4.19904E-1	-8.10925E-6	-5.00571E-2	-2.10192E-2
-4.29903E-1	-8.44285E-6	-5.21164E-2	-2.24050E-2
-4.39904E-1	-8.78245E-6	-5.42127E-2	-2.38484E-2
-4.49904E-1	-9.14221E-6	-5.64334E-2	-2.53896E-2
-4.59906E-1	-9.51196E-6	-5.87158E-2	-2.70037E-2
-4.69903E-1	-9.89931E-6	-6.11069E-2	-2.87143E-2
-4.79910E-1	-8.91797E-5	-5.50492E-1	-2.64187E-1
-4.89905E-1	-2.53571E-5	-1.56525E-1	-7.66825E-2
-4.99914E-1	-1.70282E-5	-1.05112E-1	-5.25471E-2
-5.09912E-1	-1.50403E-5	-9.28414E-2	-4.73409E-2
-5.19908E-1	-1.45807E-5	-9.00043E-2	-4.67940E-2
-5.29906E-1	-1.48119E-5	-9.14315E-2	-4.84501E-2
-5.39911E-1	-1.53726E-5	-9.48926E-2	-5.12336E-2
-5.49911E-1	-1.61895E-5	-9.99352E-2	-5.49555E-2
-5.59909E-1	-1.72191E-5	-1.06291E-1	-5.95131E-2
-5.69909E-1	-1.84705E-5	-1.14015E-1	-6.49784E-2
-5.79906E-1	-1.99738E-5	-1.23295E-1	-7.14995E-2
-5.89906E-1	-2.17549E-5	-1.34290E-1	-7.92182E-2
-5.99907E-1	-2.39443E-5	-1.47804E-1	-8.86688E-2
-6.09912E-1	-2.65719E-5	-1.64024E-1	-1.00040E-1
-6.19910E-1	-2.97748E-5	-1.83795E-1	-1.13936E-1
-6.29910E-1	-3.36599E-5	-2.07777E-1	-1.30881E-1
-6.39942E-1	-3.85436E-5	-2.37923E-1	-1.52257E-1
-6.49948E-1	-4.44982E-5	-2.74680E-1	-1.78528E-1
-6.59949E-1	-5.16040E-5	-3.18543E-1	-2.10222E-1
-6.69949E-1	-6.05999E-5	-3.74073E-1	-2.50610E-1
-6.79953E-1	-7.12625E-5	-4.39892E-1	-2.99106E-1
-6.89950E-1	-8.41482E-5	-5.19433E-1	-3.58383E-1
-6.99952E-1	-9.98324E-5	-6.16249E-1	-4.31345E-1
-7.09954E-1	-1.21449E-4	-7.49685E-1	-5.32242E-1
-7.19954E-1	-1.42829E-4	-8.81660E-1	-6.34755E-1
-7.29953E-1	-1.67547E-4	-1.03424E+0	-7.54947E-1
-7.39949E-1	-1.96682E-4	-1.21409E+0	-8.98362E-1
-7.49947E-1	-2.30378E-4	-1.42209E+0	-1.06649E+0
-7.59953E-1	-2.68098E-4	-1.65493E+0	-1.25767E+0
-7.69951E-1	-3.11171E-4	-1.92081E+0	-1.47893E+0
-7.79948E-1	-3.61452E-4	-2.23119E+0	-1.74021E+0
-7.89958E-1	-4.18429E-4	-2.58290E+0	-2.04038E+0
-7.99958E-1	-4.81471E-4	-2.97204E+0	-2.37751E+0
-8.09962E-1	-5.50941E-4	-3.40087E+0	-2.75458E+0
-8.19958E-1	-6.27746E-4	-3.87498E+0	-3.17732E+0
-8.29967E-1	-7.11130E-4	-4.38969E+0	-3.64330E+0
-8.39965E-1	-8.01012E-4	-4.94452E+0	-4.15322E+0
-8.49968E-1	-8.99411E-4	-5.55192E+0	-4.71895E+0
-8.59970E-1	-2.84576E-3	-1.75664E+1	-1.51066E+1
-8.69967E-1	-2.84934E-3	-1.75885E+1	-1.53014E+1
-8.79968E-1	-2.90479E-3	-1.79308E+1	-1.57785E+1
-8.89963E-1	-2.99169E-3	-1.84672E+1	-1.64351E+1
-8.99968E-1	-3.10755E-3	-1.91824E+1	-1.72636E+1
-9.09964E-1	-3.25015E-3	-2.00627E+1	-1.82563E+1
-9.19965E-1	-3.41825E-3	-2.11003E+1	-1.94115E+1
-9.29964E-1	-3.59393E-3	-2.21848E+1	-2.06310E+1
-9.39975E-1	-3.77207E-3	-2.32844E+1	-2.18867E+1
-9.49974E-1	-3.86870E-3	-2.38809E+1	-2.26862E+1
-9.59974E-1	-4.10308E-3	-2.53277E+1	-2.43139E+1
-9.69977E-1	-4.38678E-3	-2.70789E+1	-2.62659E+1
-9.79973E-1	-4.68862E-3	-2.89421E+1	-2.83625E+1
-9.89974E-1	-5.04530E-3	-3.11438E+1	-3.08316E+1
-9.99971E-1	-5.55191E-3	-3.42710E+1	-3.42701E+1
-1.00997E+0	-5.97058E-3	-3.68554E+1	-3.72229E+1
