Efficiency(%)	JSC(mA/cm^2)	VOC(V)	FF				 
1.01002E+0	2.94049E-6	1.70959E-2	-1.75479E-2
1.00002E+0	2.80667E-6	1.63178E-2	-1.65835E-2
9.90021E-1	2.68337E-6	1.56010E-2	-1.56964E-2
9.80020E-1	2.57671E-6	1.49809E-2	-1.49203E-2
9.70024E-1	2.47024E-6	1.43619E-2	-1.41579E-2
9.60019E-1	2.36044E-6	1.37235E-2	-1.33890E-2
9.50020E-1	2.25888E-6	1.31330E-2	-1.26795E-2
9.40020E-1	2.15664E-6	1.25386E-2	-1.19782E-2
9.30015E-1	2.06396E-6	1.19998E-2	-1.13414E-2
9.20016E-1	1.96748E-6	1.14388E-2	-1.06950E-2
9.10013E-1	1.88400E-6	1.09535E-2	-1.01299E-2
9.00015E-1	1.79415E-6	1.04311E-2	-9.54080E-3
8.90018E-1	1.70483E-6	9.91180E-3	-8.96512E-3
8.80020E-1	1.62503E-6	9.44785E-3	-8.44949E-3
8.69984E-1	1.54665E-6	8.99215E-3	-7.95023E-3
8.59986E-1	1.46588E-6	8.52256E-3	-7.44846E-3
8.49986E-1	1.40018E-6	8.14058E-3	-7.03189E-3
8.39984E-1	1.32552E-6	7.70651E-3	-6.57860E-3
8.29987E-1	1.25258E-6	7.28244E-3	-6.14261E-3
8.19985E-1	1.19478E-6	6.94640E-3	-5.78856E-3
8.09991E-1	1.12902E-6	6.56407E-3	-5.40329E-3
7.99991E-1	1.06494E-6	6.19151E-3	-5.03369E-3
7.89986E-1	1.00584E-6	5.84791E-3	-4.69488E-3
7.79975E-1	9.53062E-7	5.54106E-3	-4.39216E-3
7.69975E-1	9.00553E-7	5.23577E-3	-4.09697E-3
7.59974E-1	8.52426E-7	4.95597E-3	-3.82765E-3
7.49973E-1	7.97951E-7	4.63925E-3	-3.53589E-3
7.39971E-1	7.51454E-7	4.36892E-3	-3.28544E-3
7.29973E-1	7.08450E-7	4.11890E-3	-3.05557E-3
7.19977E-1	6.64140E-7	3.86128E-3	-2.82524E-3
7.09980E-1	6.24442E-7	3.63048E-3	-2.61948E-3
6.99978E-1	5.81823E-7	3.38269E-3	-2.40631E-3
6.89979E-1	5.44088E-7	3.16330E-3	-2.21810E-3
6.79980E-1	5.09232E-7	2.96065E-3	-2.04592E-3
6.69977E-1	4.72853E-7	2.74915E-3	-1.87181E-3
6.59979E-1	4.45121E-7	2.58791E-3	-1.73574E-3
6.49978E-1	4.13975E-7	2.40683E-3	-1.58982E-3
6.39981E-1	3.83984E-7	2.23247E-3	-1.45197E-3
6.29973E-1	3.55293E-7	2.06566E-3	-1.32247E-3
6.19974E-1	3.30844E-7	1.92351E-3	-1.21192E-3
6.09974E-1	3.07038E-7	1.78510E-3	-1.10657E-3
5.99975E-1	2.85832E-7	1.66181E-3	-1.01326E-3
5.89974E-1	2.64354E-7	1.53694E-3	-9.21500E-4
5.79974E-1	2.43394E-7	1.41508E-3	-8.34055E-4
5.69975E-1	2.24491E-7	1.30518E-3	-7.56016E-4
5.59978E-1	2.07426E-7	1.20597E-3	-6.86295E-4
5.49978E-1	1.91644E-7	1.11421E-3	-6.22755E-4
5.39979E-1	1.75528E-7	1.02051E-3	-5.60015E-4
5.29982E-1	1.61225E-7	9.37355E-4	-5.04859E-4
5.19976E-1	1.48885E-7	8.65610E-4	-4.57415E-4
5.09978E-1	1.36012E-7	7.90767E-4	-4.09831E-4
4.99980E-1	1.24529E-7	7.24006E-4	-3.67874E-4
4.89976E-1	1.13850E-7	6.61919E-4	-3.29598E-4
4.79978E-1	1.03576E-7	6.02186E-4	-2.93736E-4
4.69968E-1	9.55022E-8	5.55245E-4	-2.65191E-4
4.59971E-1	8.63443E-8	5.02002E-4	-2.34661E-4
4.49968E-1	7.77514E-8	4.52043E-4	-2.06712E-4
4.39970E-1	6.92494E-8	4.02613E-4	-1.80018E-4
4.29969E-1	6.14029E-8	3.56994E-4	-1.55992E-4
4.19969E-1	5.39604E-8	3.13723E-4	-1.33896E-4
4.09970E-1	4.73490E-8	2.75285E-4	-1.14694E-4
3.99970E-1	4.10374E-8	2.38590E-4	-9.69803E-5
3.89972E-1	3.45430E-8	2.00831E-4	-7.95921E-5
3.79967E-1	2.83503E-8	1.64827E-4	-6.36473E-5
3.69968E-1	2.26017E-8	1.31405E-4	-4.94062E-5
3.59970E-1	1.60586E-8	9.33640E-5	-3.41547E-5
3.49969E-1	1.03605E-8	6.02355E-5	-2.14233E-5
3.39960E-1	5.53257E-9	3.21661E-5	-1.11130E-5
3.29962E-1	-4.71629E-10	-2.74203E-6	9.19477E-7
3.19979E-1	-6.34017E-9	-3.68615E-5	1.19867E-5
3.09973E-1	-1.25151E-8	-7.27622E-5	2.29211E-5
2.99974E-1	-1.86707E-8	-1.08551E-4	3.30918E-5
2.89976E-1	-2.42688E-8	-1.41098E-4	4.15802E-5
2.79977E-1	-2.98090E-8	-1.73308E-4	4.93113E-5
2.69976E-1	-3.51698E-8	-2.04476E-4	5.61011E-5
2.59975E-1	-4.02232E-8	-2.33856E-4	6.17852E-5
2.49978E-1	-4.50517E-8	-2.61928E-4	6.65410E-5
2.39979E-1	-4.97131E-8	-2.89030E-4	7.04889E-5
2.29976E-1	-5.39769E-8	-3.13819E-4	7.33444E-5
2.19980E-1	-5.82410E-8	-3.38610E-4	7.56987E-5
2.09981E-1	-6.22139E-8	-3.61709E-4	7.71870E-5
1.99973E-1	-6.57206E-8	-3.82097E-4	7.76514E-5
1.89972E-1	-6.90373E-8	-4.01380E-4	7.74907E-5
1.79972E-1	-7.21513E-8	-4.19484E-4	7.67230E-5
1.69977E-1	-7.48791E-8	-4.35344E-4	7.52016E-5
1.59973E-1	-7.72652E-8	-4.49216E-4	7.30310E-5
1.49974E-1	-7.94315E-8	-4.61811E-4	7.03858E-5
1.39971E-1	-8.15397E-8	-4.74068E-4	6.74347E-5
1.29972E-1	-8.34900E-8	-4.85407E-4	6.41152E-5
1.19973E-1	-8.49386E-8	-4.93829E-4	6.02095E-5
1.09971E-1	-8.63135E-8	-5.01823E-4	5.60833E-5
9.99753E-2	-8.76014E-8	-5.09310E-4	5.17464E-5
8.99692E-2	-8.90716E-8	-5.17858E-4	4.73489E-5
7.99739E-2	-9.01288E-8	-5.24005E-4	4.25881E-5
6.99763E-2	-9.11005E-8	-5.29654E-4	3.76659E-5
5.99804E-2	-9.21028E-8	-5.35481E-4	3.26406E-5
4.99737E-2	-9.26623E-8	-5.38734E-4	2.73603E-5
3.99714E-2	-9.35060E-8	-5.43640E-4	2.20834E-5
2.99702E-2	-9.42431E-8	-5.47925E-4	1.66884E-5
1.99716E-2	-9.50277E-8	-5.52487E-4	1.12135E-5
9.97376E-3	-9.59381E-8	-5.57780E-4	5.65362E-6
-2.36034E-5	-9.67972E-8	-5.62774E-4	-1.34994E-8
-9.90319E-3	-9.72947E-8	-5.65667E-4	-5.69299E-6
-1.99068E-2	-9.76445E-8	-5.67701E-4	-1.14849E-5
-2.99082E-2	-9.81813E-8	-5.70822E-4	-1.73498E-5
-3.99108E-2	-9.90012E-8	-5.75588E-4	-2.33457E-5
-4.99082E-2	-9.92338E-8	-5.76941E-4	-2.92623E-5
-5.99163E-2	-9.96383E-8	-5.79292E-4	-3.52734E-5
-6.99151E-2	-9.98836E-8	-5.80719E-4	-4.12612E-5
-7.99170E-2	-1.00317E-7	-5.83238E-4	-4.73686E-5
-8.99150E-2	-1.01075E-7	-5.87645E-4	-5.36973E-5
-9.99186E-2	-1.01251E-7	-5.88669E-4	-5.97753E-5
-1.09920E-1	-1.02047E-7	-5.93297E-4	-6.62756E-5
-1.19923E-1	-1.01798E-7	-5.91849E-4	-7.21304E-5
-1.29921E-1	-1.02400E-7	-5.95349E-4	-7.86060E-5
-1.39918E-1	-1.02706E-7	-5.97128E-4	-8.49075E-5
-1.49919E-1	-1.03586E-7	-6.02244E-4	-9.17559E-5
-1.59919E-1	-1.04071E-7	-6.05064E-4	-9.83346E-5
-1.69921E-1	-1.04127E-7	-6.05390E-4	-1.04541E-4
-1.79919E-1	-1.04907E-7	-6.09924E-4	-1.11521E-4
-1.89920E-1	-1.04958E-7	-6.10221E-4	-1.17778E-4
-1.99919E-1	-1.05091E-7	-6.10994E-4	-1.24136E-4
-2.09927E-1	-1.05788E-7	-6.15047E-4	-1.31214E-4
-2.19924E-1	-1.05899E-7	-6.15692E-4	-1.37607E-4
-2.29922E-1	-1.06543E-7	-6.19436E-4	-1.44738E-4
-2.39928E-1	-1.06537E-7	-6.19401E-4	-1.51028E-4
-2.49923E-1	-1.06981E-7	-6.21983E-4	-1.57975E-4
-2.59925E-1	-1.07768E-7	-6.26558E-4	-1.65506E-4
-2.69923E-1	-1.07564E-7	-6.25372E-4	-1.71547E-4
-2.79924E-1	-1.08275E-7	-6.29506E-4	-1.79079E-4
-2.89924E-1	-1.08400E-7	-6.30233E-4	-1.85691E-4
-2.99921E-1	-1.08786E-7	-6.32477E-4	-1.92777E-4
-3.09919E-1	-1.09497E-7	-6.36610E-4	-2.00506E-4
-3.19927E-1	-1.09358E-7	-6.35802E-4	-2.06718E-4
-3.29922E-1	-1.10385E-7	-6.41773E-4	-2.15178E-4
-3.39925E-1	-1.10715E-7	-6.43692E-4	-2.22365E-4
-3.49933E-1	-1.11120E-7	-6.46047E-4	-2.29749E-4
-3.59931E-1	-1.11429E-7	-6.47843E-4	-2.36970E-4
-3.69930E-1	-1.11526E-7	-6.48407E-4	-2.43765E-4
-3.79929E-1	-1.12274E-7	-6.52756E-4	-2.52033E-4
-3.89934E-1	-1.12266E-7	-6.52709E-4	-2.58652E-4
-3.99932E-1	-1.13063E-7	-6.57343E-4	-2.67167E-4
-4.09927E-1	-1.13389E-7	-6.59238E-4	-2.74634E-4
-4.19927E-1	-1.13483E-7	-6.59785E-4	-2.81567E-4
-4.29925E-1	-1.14398E-7	-6.65105E-4	-2.90595E-4
-4.39924E-1	-1.14755E-7	-6.67180E-4	-2.98281E-4
-4.49921E-1	-1.15341E-7	-6.70587E-4	-3.06617E-4
-4.59922E-1	-1.15734E-7	-6.72872E-4	-3.14501E-4
-4.69919E-1	-1.15686E-7	-6.72593E-4	-3.21203E-4
-4.79919E-1	-1.16751E-7	-6.78785E-4	-3.31059E-4
-4.89919E-1	-1.16971E-7	-6.80064E-4	-3.38594E-4
-4.99925E-1	-1.17414E-7	-6.82640E-4	-3.46818E-4
-5.09926E-1	-1.18286E-7	-6.87709E-4	-3.56383E-4
-5.19925E-1	-1.18493E-7	-6.88913E-4	-3.64007E-4
-5.29924E-1	-1.19758E-7	-6.96267E-4	-3.74968E-4
-5.39928E-1	-1.20171E-7	-6.98669E-4	-3.83365E-4
-5.49927E-1	-1.21193E-7	-7.04610E-4	-3.93785E-4
-5.59926E-1	-1.21292E-7	-7.05186E-4	-4.01272E-4
-5.69923E-1	-1.22354E-7	-7.11360E-4	-4.12013E-4
-5.79923E-1	-1.22379E-7	-7.11506E-4	-4.19328E-4
-5.89925E-1	-1.23196E-7	-7.16256E-4	-4.29408E-4
-5.99923E-1	-1.24019E-7	-7.21041E-4	-4.39603E-4
-6.09922E-1	-1.24859E-7	-7.25924E-4	-4.49957E-4
-6.19920E-1	-1.25901E-7	-7.31983E-4	-4.61149E-4
-6.29921E-1	-1.26297E-7	-7.34285E-4	-4.70062E-4
-6.39953E-1	-1.27071E-7	-7.38785E-4	-4.80475E-4
-6.49959E-1	-1.27803E-7	-7.43041E-4	-4.90799E-4
-6.59958E-1	-1.28088E-7	-7.44698E-4	-4.99461E-4
-6.69958E-1	-1.29663E-7	-7.53855E-4	-5.13263E-4
-6.79958E-1	-1.30403E-7	-7.58157E-4	-5.23897E-4
-6.89961E-1	-1.31037E-7	-7.61843E-4	-5.34189E-4
-6.99957E-1	-1.32092E-7	-7.67977E-4	-5.46291E-4
-7.09956E-1	-1.32114E-7	-7.68105E-4	-5.54188E-4
-7.19956E-1	-1.33573E-7	-7.76587E-4	-5.68200E-4
-7.29955E-1	-1.34499E-7	-7.81971E-4	-5.80085E-4
-7.39958E-1	-1.35749E-7	-7.89238E-4	-5.93499E-4
-7.49955E-1	-1.36620E-7	-7.94302E-4	-6.05377E-4
-7.59955E-1	-1.36952E-7	-7.96233E-4	-6.14940E-4
-7.69958E-1	-1.38325E-7	-8.04215E-4	-6.29280E-4
-7.79955E-1	-1.39474E-7	-8.10895E-4	-6.42746E-4
-7.89964E-1	-1.40327E-7	-8.15855E-4	-6.54975E-4
-7.99963E-1	-1.41917E-7	-8.25099E-4	-6.70781E-4
-8.09963E-1	-1.42051E-7	-8.25878E-4	-6.79807E-4
-8.19964E-1	-1.43896E-7	-8.36605E-4	-6.97140E-4
-8.29968E-1	-1.44965E-7	-8.42820E-4	-7.10888E-4
-8.39969E-1	-1.46785E-7	-8.53401E-4	-7.28486E-4
-8.49967E-1	-1.47248E-7	-8.56093E-4	-7.39483E-4
-8.59971E-1	-1.48367E-7	-8.62599E-4	-7.53872E-4
-8.69967E-1	-1.49853E-7	-8.71238E-4	-7.70273E-4
-8.79964E-1	-1.51027E-7	-8.78064E-4	-7.85228E-4
-8.89966E-1	-1.52794E-7	-8.88337E-4	-8.03445E-4
-8.99971E-1	-1.54749E-7	-8.99703E-4	-8.22873E-4
-9.09966E-1	-1.55964E-7	-9.06767E-4	-8.38544E-4
-9.19965E-1	-1.57829E-7	-9.17610E-4	-8.57896E-4
-9.29967E-1	-1.59525E-7	-9.27471E-4	-8.76542E-4
-9.39973E-1	-1.61346E-7	-9.38058E-4	-8.96087E-4
-9.49974E-1	-1.63546E-7	-9.50849E-4	-9.17969E-4
-9.59971E-1	-1.64679E-7	-9.57436E-4	-9.34056E-4
-9.69975E-1	-1.66569E-7	-9.68424E-4	-9.54621E-4
-9.79973E-1	-1.68223E-7	-9.78041E-4	-9.74038E-4
-9.89975E-1	-1.69432E-7	-9.85070E-4	-9.91051E-4
-9.99967E-1	-1.70421E-7	-9.90820E-4	-1.00690E-3
-1.00997E+0	-1.72530E-7	-1.00308E-3	-1.02955E-3
7.76514E-5	-5.62774E-4	3.29962E-1	4.11478E-1
1.00667E-4	-6.24680E-4	3.49982E-1	4.53084E-1
1.00153E-4	-5.65918E-4	3.79985E-1	4.58289E-1
1.14549E-4	-6.61320E-4	4.89979E-1	3.47854E-1
1.28868E-4	-6.36448E-4	4.39984E-1	4.52835E-1
9.01882E-5	-5.62779E-4	3.49981E-1	4.50570E-1
