1.01003E+0	1.39557E-3	8.61463E+0	-8.78892E+0
1.00003E+0	1.39677E-3	8.62204E+0	-8.70939E+0
9.90031E-1	1.39291E-3	8.59821E+0	-8.59848E+0
9.80034E-1	1.38917E-3	8.57512E+0	-8.48880E+0
9.70035E-1	1.39110E-3	8.58704E+0	-8.41387E+0
9.60033E-1	1.38623E-3	8.55698E+0	-8.29796E+0
9.50035E-1	1.38500E-3	8.54938E+0	-8.20426E+0
9.40037E-1	1.38824E-3	8.56938E+0	-8.13691E+0
9.30029E-1	1.38836E-3	8.57012E+0	-8.05097E+0
9.20035E-1	1.38363E-3	8.54093E+0	-7.93732E+0
9.10035E-1	1.38210E-3	8.53148E+0	-7.84237E+0
9.00035E-1	1.38363E-3	8.54093E+0	-7.76478E+0
8.90035E-1	1.38056E-3	8.52198E+0	-7.66147E+0
8.80030E-1	1.38370E-3	8.54136E+0	-7.59258E+0
8.70000E-1	1.38437E-3	8.54549E+0	-7.50968E+0
8.60002E-1	1.37824E-3	8.50765E+0	-7.39050E+0
8.50000E-1	1.37825E-3	8.50772E+0	-7.30460E+0
8.39997E-1	1.37487E-3	8.48685E+0	-7.20094E+0
8.29997E-1	1.37678E-3	8.49864E+0	-7.12510E+0
8.19996E-1	1.37560E-3	8.49136E+0	-7.03321E+0
8.09999E-1	1.37247E-3	8.47204E+0	-6.93166E+0
7.99998E-1	1.37220E-3	8.47037E+0	-6.84473E+0
7.90002E-1	1.37285E-3	8.47438E+0	-6.76240E+0
7.79992E-1	1.36714E-3	8.43914E+0	-6.64895E+0
7.69993E-1	1.36617E-3	8.43315E+0	-6.55906E+0
7.59993E-1	1.36791E-3	8.44389E+0	-6.48212E+0
7.49991E-1	1.36643E-3	8.43475E+0	-6.38989E+0
7.39986E-1	1.36281E-3	8.41241E+0	-6.28794E+0
7.29989E-1	1.36509E-3	8.42648E+0	-6.21337E+0
7.19987E-1	1.36254E-3	8.41074E+0	-6.11679E+0
7.09991E-1	1.36055E-3	8.39846E+0	-6.02306E+0
6.99992E-1	1.36324E-3	8.41506E+0	-5.94998E+0
6.89991E-1	1.36182E-3	8.40630E+0	-5.85886E+0
6.79996E-1	1.35619E-3	8.37154E+0	-5.75012E+0
6.69990E-1	1.35662E-3	8.37420E+0	-5.66730E+0
6.59991E-1	1.35964E-3	8.39284E+0	-5.59515E+0
6.49996E-1	1.35524E-3	8.36568E+0	-5.49258E+0
6.39998E-1	1.35705E-3	8.37685E+0	-5.41532E+0
6.29990E-1	1.34995E-3	8.33302E+0	-5.30275E+0
6.19989E-1	1.35166E-3	8.34358E+0	-5.22518E+0
6.09986E-1	1.35146E-3	8.34235E+0	-5.14012E+0
5.99987E-1	1.34664E-3	8.31259E+0	-5.03783E+0
5.89984E-1	1.34950E-3	8.33025E+0	-4.96436E+0
5.79981E-1	1.34518E-3	8.30358E+0	-4.86456E+0
5.69983E-1	1.34404E-3	8.29654E+0	-4.77666E+0
5.59985E-1	1.34494E-3	8.30210E+0	-4.69601E+0
5.49988E-1	1.34155E-3	8.28117E+0	-4.60055E+0
5.39985E-1	1.34061E-3	8.27537E+0	-4.51371E+0
5.29988E-1	1.34221E-3	8.28525E+0	-4.43544E+0
5.19981E-1	1.33845E-3	8.26204E+0	-4.33950E+0
5.09984E-1	1.34213E-3	8.28475E+0	-4.26777E+0
4.99982E-1	1.33606E-3	8.24728E+0	-4.16514E+0
4.89979E-1	1.33789E-3	8.25858E+0	-4.08740E+0
4.79977E-1	1.33415E-3	8.23549E+0	-3.99278E+0
4.69980E-1	1.33488E-3	8.24000E+0	-3.91175E+0
4.59981E-1	1.33712E-3	8.25383E+0	-3.83495E+0
4.49975E-1	1.33152E-3	8.21926E+0	-3.73582E+0
4.39979E-1	1.33225E-3	8.22377E+0	-3.65483E+0
4.29978E-1	1.33294E-3	8.22802E+0	-3.57361E+0
4.19977E-1	1.32512E-3	8.17975E+0	-3.47001E+0
4.09982E-1	1.32383E-3	8.17179E+0	-3.38413E+0
3.99983E-1	1.32533E-3	8.18105E+0	-3.30533E+0
3.89986E-1	1.32261E-3	8.16426E+0	-3.21611E+0
3.79982E-1	1.32512E-3	8.17975E+0	-3.13955E+0
3.69982E-1	1.32240E-3	8.16296E+0	-3.05066E+0
3.59985E-1	1.31942E-3	8.14457E+0	-2.96154E+0
3.49984E-1	1.31770E-3	8.13395E+0	-2.87551E+0
3.39978E-1	1.31337E-3	8.10722E+0	-2.78412E+0
3.29982E-1	1.31697E-3	8.12944E+0	-2.70967E+0
3.19982E-1	1.31614E-3	8.12432E+0	-2.62590E+0
3.09982E-1	1.31168E-3	8.09679E+0	-2.53521E+0
2.99984E-1	1.31418E-3	8.11222E+0	-2.45812E+0
2.89980E-1	1.31156E-3	8.09605E+0	-2.37141E+0
2.79986E-1	1.30783E-3	8.07302E+0	-2.28317E+0
2.69986E-1	1.31253E-3	8.10204E+0	-2.20953E+0
2.59985E-1	1.30873E-3	8.07858E+0	-2.12152E+0
2.49990E-1	1.31117E-3	8.09364E+0	-2.04377E+0
2.39990E-1	1.30480E-3	8.05432E+0	-1.95248E+0
2.29986E-1	1.30632E-3	8.06370E+0	-1.87327E+0
2.19987E-1	1.29942E-3	8.02111E+0	-1.78236E+0
2.09987E-1	1.29992E-3	8.02420E+0	-1.70200E+0
1.99980E-1	1.30056E-3	8.02815E+0	-1.62169E+0
1.89978E-1	1.29783E-3	8.01130E+0	-1.53734E+0
1.79978E-1	1.29628E-3	8.00173E+0	-1.45468E+0
1.69988E-1	1.29711E-3	8.00685E+0	-1.37482E+0
1.59982E-1	1.29363E-3	7.98537E+0	-1.29042E+0
1.49988E-1	1.29564E-3	7.99778E+0	-1.21169E+0
1.39983E-1	1.28966E-3	7.96086E+0	-1.12564E+0
1.29986E-1	1.29364E-3	7.98543E+0	-1.04848E+0
1.19987E-1	1.29045E-3	7.96574E+0	-9.65440E-1
1.09990E-1	1.28913E-3	7.95759E+0	-8.84097E-1
9.99877E-2	1.28415E-3	7.92685E+0	-8.00594E-1
8.99839E-2	1.27973E-3	7.89957E+0	-7.18014E-1
7.99870E-2	1.28294E-3	7.91938E+0	-6.39846E-1
6.99914E-2	1.27962E-3	7.89889E+0	-5.58439E-1
5.99875E-2	1.27873E-3	7.89340E+0	-4.78288E-1
4.99794E-2	1.28240E-3	7.91605E+0	-3.99636E-1
3.99826E-2	1.28034E-3	7.90333E+0	-3.19188E-1
2.99795E-2	1.27372E-3	7.86247E+0	-2.38094E-1
1.99828E-2	1.27517E-3	7.87142E+0	-1.58882E-1
9.98092E-3	1.27352E-3	7.86123E+0	-7.92549E-2
-1.95503E-5	1.27264E-3	7.85580E+0	1.55135E-4
-9.90295E-3	1.27436E-3	7.86642E+0	7.86876E-2
-1.99063E-2	1.27005E-3	7.83981E+0	1.57638E-1
-2.99075E-2	1.27133E-3	7.84772E+0	2.37076E-1
-3.99058E-2	1.26795E-3	7.82685E+0	3.15492E-1
-4.99043E-2	1.26132E-3	7.78593E+0	3.92476E-1
-5.99132E-2	1.26310E-3	7.79691E+0	4.71857E-1
-6.99093E-2	1.26342E-3	7.79889E+0	5.50722E-1
-7.99091E-2	1.25919E-3	7.77278E+0	6.27390E-1
-8.99065E-2	1.25786E-3	7.76457E+0	7.05136E-1
-9.99124E-2	1.25983E-3	7.77673E+0	7.84840E-1
-1.09913E-1	1.25501E-3	7.74698E+0	8.60094E-1
-1.19913E-1	1.25408E-3	7.74123E+0	9.37651E-1
-1.29911E-1	1.25362E-3	7.73840E+0	1.01546E+0
-1.39910E-1	1.25074E-3	7.72062E+0	1.09110E+0
-1.49914E-1	1.25031E-3	7.71796E+0	1.16872E+0
-1.59911E-1	1.24488E-3	7.68444E+0	1.24124E+0
-1.69913E-1	1.24619E-3	7.69253E+0	1.32026E+0
-1.79912E-1	1.23949E-3	7.65117E+0	1.39044E+0
-1.89911E-1	1.23976E-3	7.65284E+0	1.46804E+0
-1.99912E-1	1.24110E-3	7.66111E+0	1.54702E+0
-2.09922E-1	1.23571E-3	7.62784E+0	1.61743E+0
-2.19919E-1	1.23617E-3	7.63068E+0	1.69508E+0
-2.29917E-1	1.23299E-3	7.61105E+0	1.76759E+0
-2.39923E-1	1.23116E-3	7.59975E+0	1.84177E+0
-2.49919E-1	1.23147E-3	7.60167E+0	1.91899E+0
-2.59921E-1	1.22633E-3	7.56994E+0	1.98746E+0
-2.69918E-1	1.22923E-3	7.58784E+0	2.06878E+0
-2.79915E-1	1.22400E-3	7.55556E+0	2.13628E+0
-2.89913E-1	1.22308E-3	7.54988E+0	2.21092E+0
-2.99910E-1	1.21824E-3	7.52000E+0	2.27810E+0
-3.09911E-1	1.21601E-3	7.50623E+0	2.34976E+0
-3.19911E-1	1.21797E-3	7.51833E+0	2.42949E+0
-3.29910E-1	1.20964E-3	7.46691E+0	2.48829E+0
-3.39909E-1	1.20655E-3	7.44784E+0	2.55716E+0
-3.49914E-1	1.20885E-3	7.46204E+0	2.63745E+0
-3.59911E-1	1.20217E-3	7.42080E+0	2.69781E+0
-3.69916E-1	1.20142E-3	7.41617E+0	2.77107E+0
-3.79911E-1	1.19599E-3	7.38265E+0	2.83308E+0
-3.89916E-1	1.19678E-3	7.38753E+0	2.90961E+0
-3.99915E-1	1.19326E-3	7.36580E+0	2.97545E+0
-4.09913E-1	1.18731E-3	7.32907E+0	3.03463E+0
-4.19914E-1	1.18848E-3	7.33630E+0	3.11173E+0
-4.29912E-1	1.18186E-3	7.29543E+0	3.16807E+0
-4.39913E-1	1.17846E-3	7.27444E+0	3.23245E+0
-4.49914E-1	1.17598E-3	7.25914E+0	3.29898E+0
-4.59914E-1	1.16850E-3	7.21296E+0	3.35085E+0
-4.69910E-1	1.16512E-3	7.19210E+0	3.41378E+0
-4.79908E-1	1.15938E-3	7.15667E+0	3.46923E+0
-4.89907E-1	1.14813E-3	7.08722E+0	3.50715E+0
-4.99914E-1	1.14274E-3	7.05395E+0	3.56199E+0
-5.09913E-1	1.13641E-3	7.01488E+0	3.61311E+0
-5.19910E-1	1.12561E-3	6.94821E+0	3.64893E+0
-5.29918E-1	1.11944E-3	6.91012E+0	3.69879E+0
-5.39923E-1	1.10281E-3	6.80747E+0	3.71264E+0
-5.49923E-1	1.09116E-3	6.73556E+0	3.74145E+0
-5.59922E-1	1.07420E-3	6.63086E+0	3.75027E+0
-5.69920E-1	1.05507E-3	6.51278E+0	3.74925E+0
-5.79913E-1	1.04000E-3	6.41975E+0	3.76050E+0
-5.89916E-1	1.01617E-3	6.27265E+0	3.73772E+0
-5.99912E-1	9.89712E-4	6.10933E+0	3.70208E+0
-6.09913E-1	9.62058E-4	5.93863E+0	3.65863E+0
-6.19910E-1	9.25420E-4	5.71247E+0	3.57699E+0
-6.29915E-1	8.86949E-4	5.47499E+0	3.48362E+0
-6.39948E-1	8.38811E-4	5.17785E+0	3.34702E+0
-6.49952E-1	7.88422E-4	4.86680E+0	3.19514E+0
-6.59955E-1	7.24795E-4	4.47404E+0	2.98249E+0
-6.69953E-1	6.55778E-4	4.04801E+0	2.73937E+0
-6.79956E-1	5.75426E-4	3.55201E+0	2.43961E+0
-6.89956E-1	4.85306E-4	2.99572E+0	2.08779E+0
-6.99956E-1	3.86559E-4	2.38617E+0	1.68708E+0
-7.09957E-1	2.74116E-4	1.69207E+0	1.21343E+0
-7.19957E-1	1.54271E-4	9.52290E-1	6.92533E-1
-7.29954E-1	2.25616E-5	1.39269E-1	1.02687E-1
-7.39958E-1	-1.18662E-4	-7.32481E-1	-5.47480E-1
-7.49955E-1	-2.66133E-4	-1.64280E+0	-1.24447E+0
-7.59957E-1	-4.25392E-4	-2.62588E+0	-2.01571E+0
-7.69961E-1	-5.90956E-4	-3.64788E+0	-2.83709E+0
-7.79958E-1	-7.65544E-4	-4.72558E+0	-3.72298E+0
-7.89963E-1	-9.46584E-4	-5.84311E+0	-4.66247E+0
-7.99962E-1	-1.13392E-3	-6.99951E+0	-5.65590E+0
-8.09960E-1	-1.32730E-3	-8.19321E+0	-6.70320E+0
-8.19962E-1	-1.52586E-3	-9.41889E+0	-7.80114E+0
-8.29966E-1	-1.72866E-3	-1.06707E+1	-8.94581E+0
-8.39966E-1	-1.93649E-3	-1.19536E+1	-1.01421E+1
-8.49967E-1	-2.14907E-3	-1.32659E+1	-1.13894E+1
-8.59968E-1	-2.36440E-3	-1.45951E+1	-1.26781E+1
-8.69966E-1	-2.58474E-3	-1.59552E+1	-1.40207E+1
-8.79967E-1	-2.80716E-3	-1.73281E+1	-1.54022E+1
-8.89962E-1	-3.03338E-3	-1.87246E+1	-1.68325E+1
-8.99965E-1	-3.26250E-3	-2.01389E+1	-1.83074E+1
-9.09961E-1	-3.49383E-3	-2.15669E+1	-1.98232E+1
-9.19963E-1	-3.72817E-3	-2.30134E+1	-2.13853E+1
-9.29964E-1	-3.96441E-3	-2.44717E+1	-2.29876E+1
-9.39969E-1	-4.20336E-3	-2.59467E+1	-2.46354E+1
-9.49966E-1	-4.44446E-3	-2.74349E+1	-2.63255E+1
-9.59963E-1	-4.68683E-3	-2.89310E+1	-2.80533E+1
-9.69967E-1	-4.93198E-3	-3.04443E+1	-2.98283E+1
-9.79966E-1	-5.17797E-3	-3.19628E+1	-3.16388E+1
-9.89964E-1	-5.42616E-3	-3.34948E+1	-3.34936E+1
-9.99960E-1	-5.67673E-3	-3.50415E+1	-3.53941E+1
-1.00996E+0	-5.92704E-3	-3.65867E+1	-3.73243E+1
