1.01000E+0	6.49679E-3	4.01036E+1	-4.18869E+1
1.00003E+0	4.38811E-3	2.70871E+1	-2.80123E+1
9.90013E-1	4.36378E-3	2.69369E+1	-2.75780E+1
9.80001E-1	4.37795E-3	2.70244E+1	-2.73877E+1
9.70026E-1	4.38608E-3	2.70746E+1	-2.71593E+1
9.60013E-1	4.37079E-3	2.69802E+1	-2.67852E+1
9.50003E-1	4.35830E-3	2.69031E+1	-2.64302E+1
9.40028E-1	4.34842E-3	2.68421E+1	-2.60934E+1
9.30016E-1	4.33024E-3	2.67299E+1	-2.57076E+1
9.20003E-1	4.33607E-3	2.67659E+1	-2.54650E+1
9.09991E-1	4.33441E-3	2.67556E+1	-2.51783E+1
9.00011E-1	4.31929E-3	2.66623E+1	-2.48153E+1
8.90001E-1	4.31544E-3	2.66385E+1	-2.45174E+1
8.79988E-1	4.29886E-3	2.65362E+1	-2.41484E+1
8.70013E-1	4.31226E-3	2.66189E+1	-2.39491E+1
8.60002E-1	4.30667E-3	2.65844E+1	-2.36428E+1
8.49991E-1	4.30556E-3	2.65775E+1	-2.33616E+1
8.39979E-1	4.27938E-3	2.64159E+1	-2.29460E+1
8.30003E-1	4.29062E-3	2.64853E+1	-2.27331E+1
8.19992E-1	4.26810E-3	2.63463E+1	-2.23410E+1
8.09982E-1	4.28192E-3	2.64316E+1	-2.21397E+1
8.00008E-1	4.25942E-3	2.62927E+1	-2.17522E+1
7.89995E-1	4.26845E-3	2.63485E+1	-2.15255E+1
7.79983E-1	4.27950E-3	2.64167E+1	-2.13077E+1
7.70010E-1	4.25895E-3	2.62898E+1	-2.09343E+1
7.59999E-1	4.25538E-3	2.62678E+1	-2.06448E+1
7.49989E-1	4.23849E-3	2.61635E+1	-2.02920E+1
7.39975E-1	4.22032E-3	2.60514E+1	-1.99352E+1
7.29997E-1	4.23932E-3	2.61686E+1	-1.97549E+1
7.19988E-1	4.23007E-3	2.61115E+1	-1.94416E+1
7.09977E-1	4.23932E-3	2.61686E+1	-1.92132E+1
7.00001E-1	4.22379E-3	2.60728E+1	-1.88738E+1
6.89987E-1	4.20865E-3	2.59793E+1	-1.85371E+1
6.79978E-1	4.19474E-3	2.58935E+1	-1.82078E+1
6.70003E-1	4.19150E-3	2.58735E+1	-1.79269E+1
6.59996E-1	4.18263E-3	2.58187E+1	-1.76218E+1
6.49982E-1	4.17943E-3	2.57990E+1	-1.73411E+1
6.39971E-1	4.17905E-3	2.57966E+1	-1.70725E+1
6.29988E-1	4.15753E-3	2.56638E+1	-1.67196E+1
6.19978E-1	4.16909E-3	2.57351E+1	-1.64997E+1
6.09966E-1	4.17480E-3	2.57704E+1	-1.62555E+1
5.99994E-1	4.15201E-3	2.56297E+1	-1.59024E+1
5.89982E-1	4.14445E-3	2.55830E+1	-1.56086E+1
5.79973E-1	4.13804E-3	2.55435E+1	-1.53201E+1
5.69994E-1	4.13812E-3	2.55440E+1	-1.50568E+1
5.59987E-1	4.13842E-3	2.55458E+1	-1.47935E+1
5.49972E-1	4.11166E-3	2.53806E+1	-1.44350E+1
5.39960E-1	4.11456E-3	2.53985E+1	-1.41822E+1
5.29984E-1	4.09578E-3	2.52826E+1	-1.38566E+1
5.19972E-1	4.10593E-3	2.53452E+1	-1.36286E+1
5.09961E-1	4.09538E-3	2.52801E+1	-1.33318E+1
4.99988E-1	4.09426E-3	2.52732E+1	-1.30675E+1
4.89969E-1	4.08160E-3	2.51951E+1	-1.27661E+1
4.79958E-1	4.06505E-3	2.50929E+1	-1.24545E+1
4.69978E-1	4.08558E-3	2.52196E+1	-1.22572E+1
4.59966E-1	4.06722E-3	2.51063E+1	-1.19421E+1
4.49953E-1	4.07903E-3	2.51792E+1	-1.17161E+1
4.39941E-1	4.07088E-3	2.51289E+1	-1.14325E+1
4.29971E-1	4.05784E-3	2.50484E+1	-1.11376E+1
4.19958E-1	4.06256E-3	2.50775E+1	-1.08909E+1
4.09944E-1	4.05316E-3	2.50195E+1	-1.06066E+1
3.99968E-1	4.05778E-3	2.50480E+1	-1.03603E+1
3.89956E-1	4.04835E-3	2.49898E+1	-1.00775E+1
3.79946E-1	4.03641E-3	2.49161E+1	-9.78984E+0
3.69933E-1	4.03357E-3	2.48986E+1	-9.52514E+0
3.59955E-1	4.03465E-3	2.49052E+1	-9.27070E+0
3.49944E-1	4.01656E-3	2.47936E+1	-8.97246E+0
3.39930E-1	4.01242E-3	2.47680E+1	-8.70672E+0
3.29956E-1	4.00839E-3	2.47431E+1	-8.44276E+0
3.19944E-1	3.97677E-3	2.45480E+1	-8.12200E+0
3.09925E-1	4.00328E-3	2.47116E+1	-7.92011E+0
2.99954E-1	3.97537E-3	2.45393E+1	-7.61186E+0
2.89944E-1	3.98437E-3	2.45949E+1	-7.37450E+0
2.79929E-1	3.94572E-3	2.43563E+1	-7.05071E+0
2.69918E-1	3.96926E-3	2.45016E+1	-6.83911E+0
2.59943E-1	3.96899E-3	2.44999E+1	-6.58592E+0
2.49931E-1	3.94782E-3	2.43693E+1	-6.29848E+0
2.39921E-1	3.93486E-3	2.42893E+1	-6.02637E+0
2.29944E-1	3.94950E-3	2.43796E+1	-5.79726E+0
2.19931E-1	3.91386E-3	2.41596E+1	-5.49478E+0
2.09917E-1	3.90786E-3	2.41226E+1	-5.23655E+0
1.99937E-1	3.91712E-3	2.41798E+1	-4.99941E+0
1.89923E-1	3.89949E-3	2.40709E+1	-4.72763E+0
1.79914E-1	3.90213E-3	2.40872E+1	-4.48152E+0
1.69899E-1	3.88859E-3	2.40036E+1	-4.21737E+0
1.59924E-1	3.91240E-3	2.41506E+1	-3.99407E+0
1.49910E-1	3.89620E-3	2.40506E+1	-3.72847E+0
1.39900E-1	3.86535E-3	2.38602E+1	-3.45195E+0
1.29919E-1	3.87538E-3	2.39221E+1	-3.21400E+0
1.19910E-1	3.86197E-3	2.38393E+1	-2.95613E+0
1.09899E-1	3.86728E-3	2.38721E+1	-2.71305E+0
9.99231E-2	3.85259E-3	2.37814E+1	-2.45741E+0
8.99127E-2	3.82253E-3	2.35959E+1	-2.19397E+0
7.99003E-2	3.82617E-3	2.36183E+1	-1.95151E+0
6.98912E-2	3.82966E-3	2.36399E+1	-1.70860E+0
5.99117E-2	3.83861E-3	2.36951E+1	-1.46806E+0
4.98981E-2	3.81935E-3	2.35762E+1	-1.21656E+0
3.98867E-2	3.81862E-3	2.35717E+1	-9.72284E-1
2.99101E-2	3.81417E-3	2.35443E+1	-7.28243E-1
1.99006E-2	3.80909E-3	2.35129E+1	-4.83889E-1
9.88698E-3	3.79447E-3	2.34227E+1	-2.39482E-1
-9.08375E-5	3.79409E-3	2.34203E+1	2.20004E-3
-1.01938E-2	3.80172E-3	2.34674E+1	2.47386E-1
-2.02060E-2	3.77700E-3	2.33148E+1	4.87176E-1
-3.02184E-2	3.75174E-3	2.31589E+1	7.23707E-1
-4.01928E-2	3.74731E-3	2.31315E+1	9.61449E-1
-5.02031E-2	3.76168E-3	2.32202E+1	1.20551E+0
-6.02148E-2	3.75641E-3	2.31877E+1	1.44389E+0
-7.02250E-2	3.74546E-3	2.31201E+1	1.67902E+0
-8.02000E-2	3.73575E-3	2.30602E+1	1.91254E+0
-9.02116E-2	3.72344E-3	2.29842E+1	2.14420E+0
-1.00222E-1	3.70947E-3	2.28980E+1	2.37320E+0
-1.10229E-1	3.73305E-3	2.30435E+1	2.62675E+0
-1.20209E-1	3.72064E-3	2.29669E+1	2.85505E+0
-1.30219E-1	3.70370E-3	2.28623E+1	3.07871E+0
-1.40229E-1	3.68893E-3	2.27712E+1	3.30215E+0
-1.50205E-1	3.66103E-3	2.25990E+1	3.51032E+0
-1.60215E-1	3.67262E-3	2.26705E+1	3.75610E+0
-1.70228E-1	3.66005E-3	2.25929E+1	3.97719E+0
-1.80241E-1	3.66390E-3	2.26167E+1	4.21556E+0
-1.90217E-1	3.65643E-3	2.25706E+1	4.43982E+0
-2.00227E-1	3.62838E-3	2.23974E+1	4.63761E+0
-2.10243E-1	3.63958E-3	2.24665E+1	4.88463E+0
-2.20257E-1	3.62610E-3	2.23833E+1	5.09833E+0
-2.30232E-1	3.62044E-3	2.23484E+1	5.32091E+0
-2.40246E-1	3.61055E-3	2.22873E+1	5.53717E+0
-2.50254E-1	3.58591E-3	2.21352E+1	5.72847E+0
-2.60229E-1	3.57275E-3	2.20540E+1	5.93495E+0
-2.70240E-1	3.56865E-3	2.20287E+1	6.15619E+0
-2.80251E-1	3.55806E-3	2.19633E+1	6.36530E+0
-2.90267E-1	3.55677E-3	2.19554E+1	6.59040E+0
-3.00241E-1	3.52686E-3	2.17707E+1	6.75953E+0
-3.10248E-1	3.51375E-3	2.16898E+1	6.95886E+0
-3.20262E-1	3.50580E-3	2.16407E+1	7.16723E+0
-3.30272E-1	3.49017E-3	2.15443E+1	7.35829E+0
-3.40248E-1	3.48379E-3	2.15049E+1	7.56669E+0
-3.50259E-1	3.48340E-3	2.15025E+1	7.78845E+0
-3.60271E-1	3.44914E-3	2.12910E+1	7.93229E+0
-3.70245E-1	3.43064E-3	2.11768E+1	8.10817E+0
-3.80254E-1	3.42603E-3	2.11483E+1	8.31617E+0
-3.90265E-1	3.39092E-3	2.09316E+1	8.44765E+0
-4.00278E-1	3.38361E-3	2.08865E+1	8.64571E+0
-4.10250E-1	3.37880E-3	2.08568E+1	8.84850E+0
-4.20262E-1	3.33976E-3	2.06158E+1	8.95971E+0
-4.30272E-1	3.33080E-3	2.05605E+1	9.14851E+0
-4.40284E-1	3.33303E-3	2.05743E+1	9.36765E+0
-4.50258E-1	3.29984E-3	2.03694E+1	9.48446E+0
-4.60273E-1	3.27045E-3	2.01880E+1	9.60907E+0
-4.70279E-1	3.26227E-3	2.01375E+1	9.79341E+0
-4.80255E-1	3.22875E-3	1.99306E+1	9.89840E+0
-4.90264E-1	3.20538E-3	1.97863E+1	1.00315E+1
-5.00277E-1	3.17769E-3	1.96154E+1	1.01480E+1
-5.10291E-1	3.13140E-3	1.93296E+1	1.02003E+1
-5.20266E-1	3.10064E-3	1.91398E+1	1.02976E+1
-5.30273E-1	3.06605E-3	1.89262E+1	1.03786E+1
-5.40286E-1	3.01424E-3	1.86064E+1	1.03959E+1
-5.50301E-1	2.96486E-3	1.83016E+1	1.04151E+1
-5.60274E-1	2.89614E-3	1.78774E+1	1.03581E+1
-5.70283E-1	2.82256E-3	1.74232E+1	1.02752E+1
-5.80293E-1	2.75448E-3	1.70030E+1	1.02034E+1
-5.90303E-1	2.65672E-3	1.63995E+1	1.00110E+1
-6.00281E-1	2.55634E-3	1.57799E+1	9.79562E+0
-6.10289E-1	2.44697E-3	1.51048E+1	9.53285E+0
-6.20301E-1	2.29458E-3	1.41641E+1	9.08582E+0
-6.30273E-1	2.13617E-3	1.31862E+1	8.59455E+0
-6.40288E-1	1.97874E-3	1.22144E+1	8.08765E+0
-6.50302E-1	1.78119E-3	1.09950E+1	7.39407E+0
-6.60311E-1	1.56935E-3	9.68735E+0	6.61495E+0
-6.70288E-1	1.32761E-3	8.19512E+0	5.68055E+0
-6.80296E-1	1.07865E-3	6.65833E+0	4.68422E+0
-6.90301E-1	7.99235E-4	4.93355E+0	3.52186E+0
-7.00310E-1	5.05256E-4	3.11886E+0	2.25871E+0
-7.10284E-1	1.97403E-4	1.21854E+0	8.95044E-1
-7.20300E-1	-1.23195E-4	-7.60463E-1	-5.66454E-1
-7.30313E-1	-4.61196E-4	-2.84689E+0	-2.15007E+0
-7.40285E-1	-8.14332E-4	-5.02674E+0	-3.84821E+0
-7.50288E-1	-1.17675E-3	-7.26389E+0	-5.63600E+0
-7.60303E-1	-1.55687E-3	-9.61031E+0	-7.55610E+0
-7.70311E-1	-1.94797E-3	-1.20245E+1	-9.57871E+0
-7.80290E-1	-2.35118E-3	-1.45135E+1	-1.17112E+1
-7.90301E-1	-2.76264E-3	-1.70533E+1	-1.39372E+1
-8.00315E-1	-3.18339E-3	-1.96506E+1	-1.62633E+1
-8.10327E-1	-3.61527E-3	-2.23165E+1	-1.87008E+1
-8.20305E-1	-4.05246E-3	-2.50152E+1	-2.12204E+1
-8.30313E-1	-4.49900E-3	-2.77716E+1	-2.38460E+1
-8.40321E-1	-4.95396E-3	-3.05800E+1	-2.65740E+1
-8.50293E-1	-5.41223E-3	-3.34088E+1	-2.93767E+1
-8.60303E-1	-5.87883E-3	-3.62891E+1	-3.22850E+1
-8.70317E-1	-6.35198E-3	-3.92098E+1	-3.52895E+1
-8.80324E-1	-6.82961E-3	-4.21581E+1	-3.83793E+1
-8.90303E-1	-7.31140E-3	-4.51321E+1	-4.15525E+1
-9.00311E-1	-7.80006E-3	-4.81485E+1	-4.48280E+1
-9.10322E-1	-8.29238E-3	-5.11875E+1	-4.81873E+1
-9.20329E-1	-8.79067E-3	-5.42634E+1	-5.16444E+1
-9.30308E-1	-9.28846E-3	-5.73362E+1	-5.51606E+1
-9.40322E-1	-9.79515E-3	-6.04639E+1	-5.87958E+1
-9.50332E-1	-1.03033E-2	-6.36006E+1	-6.25043E+1
-9.60307E-1	-1.08132E-2	-6.67481E+1	-6.62862E+1
-9.70318E-1	-1.13280E-2	-6.99259E+1	-7.01659E+1
-9.80331E-1	-1.18454E-2	-7.31198E+1	-7.41278E+1
-9.90338E-1	-1.23699E-2	-7.63574E+1	-7.82003E+1
-1.00031E+0	-1.28933E-2	-7.95883E+1	-8.23298E+1
-1.01032E+0	-1.34200E-2	-8.28395E+1	-8.65506E+1
