1.00997E+0	4.16956E-3	2.57380E+1	-2.62572E+1
9.99974E-1	4.15924E-3	2.56743E+1	-2.59330E+1
9.89974E-1	4.16780E-3	2.57272E+1	-2.57265E+1
9.79975E-1	4.15357E-3	2.56393E+1	-2.53797E+1
9.69980E-1	4.14629E-3	2.55944E+1	-2.50768E+1
9.59975E-1	4.14899E-3	2.56110E+1	-2.48343E+1
9.49976E-1	4.15497E-3	2.56480E+1	-2.46111E+1
9.39976E-1	4.15901E-3	2.56729E+1	-2.43757E+1
9.29967E-1	4.14423E-3	2.55817E+1	-2.40304E+1
9.19969E-1	4.15372E-3	2.56402E+1	-2.38265E+1
9.09972E-1	4.14690E-3	2.55981E+1	-2.35289E+1
8.99971E-1	4.15387E-3	2.56412E+1	-2.33094E+1
8.89968E-1	4.14422E-3	2.55816E+1	-2.29968E+1
8.79972E-1	4.13809E-3	2.55438E+1	-2.27048E+1
8.69938E-1	4.14446E-3	2.55831E+1	-2.24805E+1
8.59942E-1	4.13157E-3	2.55035E+1	-2.21531E+1
8.49939E-1	4.13620E-3	2.55321E+1	-2.19199E+1
8.39941E-1	4.12700E-3	2.54753E+1	-2.16139E+1
8.29942E-1	4.13404E-3	2.55188E+1	-2.13930E+1
8.19939E-1	4.13183E-3	2.55051E+1	-2.11239E+1
8.09945E-1	4.12618E-3	2.54702E+1	-2.08379E+1
7.99942E-1	4.12314E-3	2.54515E+1	-2.05654E+1
7.89946E-1	4.13093E-3	2.54996E+1	-2.03467E+1
7.79938E-1	4.11465E-3	2.53991E+1	-2.00098E+1
7.69932E-1	4.12548E-3	2.54659E+1	-1.98051E+1
7.59935E-1	4.12456E-3	2.54602E+1	-1.95436E+1
7.49935E-1	4.11685E-3	2.54127E+1	-1.92503E+1
7.39930E-1	4.11421E-3	2.53964E+1	-1.89813E+1
7.29929E-1	4.10360E-3	2.53309E+1	-1.86765E+1
7.19930E-1	4.10666E-3	2.53498E+1	-1.84344E+1
7.09931E-1	4.10616E-3	2.53467E+1	-1.81761E+1
6.99930E-1	4.10160E-3	2.53185E+1	-1.79002E+1
6.89931E-1	4.09849E-3	2.52993E+1	-1.76311E+1
6.79934E-1	4.10260E-3	2.53247E+1	-1.73930E+1
6.69932E-1	4.09152E-3	2.52563E+1	-1.70909E+1
6.59937E-1	4.08575E-3	2.52207E+1	-1.68122E+1
6.49939E-1	4.09398E-3	2.52715E+1	-1.65908E+1
6.39942E-1	4.08381E-3	2.52087E+1	-1.62951E+1
6.29934E-1	4.09403E-3	2.52718E+1	-1.60804E+1
6.19935E-1	4.08136E-3	2.51936E+1	-1.57761E+1
6.09935E-1	4.08306E-3	2.52041E+1	-1.55281E+1
5.99935E-1	4.08515E-3	2.52170E+1	-1.52814E+1
5.89932E-1	4.07310E-3	2.51426E+1	-1.49822E+1
5.79931E-1	4.06591E-3	2.50982E+1	-1.47023E+1
5.69934E-1	4.06868E-3	2.51153E+1	-1.44587E+1
5.59931E-1	4.06357E-3	2.50838E+1	-1.41870E+1
5.49937E-1	4.04887E-3	2.49930E+1	-1.38834E+1
5.39932E-1	4.05462E-3	2.50285E+1	-1.36502E+1
5.29931E-1	4.04434E-3	2.49651E+1	-1.33634E+1
5.19926E-1	4.03975E-3	2.49367E+1	-1.30962E+1
5.09930E-1	4.04689E-3	2.49808E+1	-1.28671E+1
4.99929E-1	4.03265E-3	2.48929E+1	-1.25704E+1
4.89924E-1	4.04154E-3	2.49478E+1	-1.23460E+1
4.79927E-1	4.02775E-3	2.48627E+1	-1.20528E+1
4.69928E-1	4.02209E-3	2.48277E+1	-1.17851E+1
4.59926E-1	4.02668E-3	2.48560E+1	-1.15474E+1
4.49925E-1	4.03222E-3	2.48902E+1	-1.13119E+1
4.39926E-1	4.02172E-3	2.48254E+1	-1.10317E+1
4.29922E-1	4.00984E-3	2.47521E+1	-1.07490E+1
4.19922E-1	4.01518E-3	2.47851E+1	-1.05129E+1
4.09923E-1	4.00062E-3	2.46952E+1	-1.02254E+1
3.99921E-1	4.01046E-3	2.47559E+1	-1.00004E+1
3.89926E-1	4.00590E-3	2.47278E+1	-9.73940E+0
3.79920E-1	4.00720E-3	2.47358E+1	-9.49255E+0
3.69922E-1	4.00463E-3	2.47199E+1	-9.23682E+0
3.59921E-1	3.98931E-3	2.46254E+1	-8.95272E+0
3.49921E-1	3.98724E-3	2.46126E+1	-8.69946E+0
3.39912E-1	3.97992E-3	2.45674E+1	-8.43511E+0
3.29917E-1	3.96809E-3	2.44944E+1	-8.16274E+0
3.19922E-1	3.97414E-3	2.45317E+1	-7.92751E+0
3.09921E-1	3.97344E-3	2.45274E+1	-7.67834E+0
2.99922E-1	3.97202E-3	2.45186E+1	-7.42796E+0
2.89921E-1	3.96692E-3	2.44872E+1	-7.17105E+0
2.79924E-1	3.94886E-3	2.43757E+1	-6.89226E+0
2.69924E-1	3.95754E-3	2.44293E+1	-6.66065E+0
2.59924E-1	3.94195E-3	2.43330E+1	-6.38862E+0
2.49925E-1	3.94458E-3	2.43493E+1	-6.14696E+0
2.39927E-1	3.93102E-3	2.42656E+1	-5.88077E+0
2.29922E-1	3.92454E-3	2.42256E+1	-5.62625E+0
2.19926E-1	3.92042E-3	2.42001E+1	-5.37600E+0
2.09922E-1	3.91144E-3	2.41447E+1	-5.11970E+0
1.99919E-1	3.91118E-3	2.41431E+1	-4.87542E+0
1.89918E-1	3.90601E-3	2.41112E+1	-4.62540E+0
1.79918E-1	3.89306E-3	2.40312E+1	-4.36732E+0
1.69919E-1	3.90161E-3	2.40840E+1	-4.13367E+0
1.59911E-1	3.89039E-3	2.40148E+1	-3.87901E+0
1.49910E-1	3.89277E-3	2.40294E+1	-3.63864E+0
1.39908E-1	3.87362E-3	2.39112E+1	-3.37916E+0
1.29910E-1	3.87032E-3	2.38909E+1	-3.13501E+0
1.19918E-1	3.85677E-3	2.38072E+1	-2.88375E+0
1.09917E-1	3.84737E-3	2.37492E+1	-2.63681E+0
9.99188E-2	3.85219E-3	2.37790E+1	-2.39996E+0
8.99138E-2	3.83773E-3	2.36897E+1	-2.15155E+0
7.99150E-2	3.83956E-3	2.37010E+1	-1.91320E+0
6.99124E-2	3.83187E-3	2.36535E+1	-1.67038E+0
5.99124E-2	3.81929E-3	2.35759E+1	-1.42675E+0
4.99051E-2	3.81971E-3	2.35785E+1	-1.18857E+0
3.99079E-2	3.81645E-3	2.35583E+1	-9.49660E-1
2.99044E-2	3.79547E-3	2.34288E+1	-7.07702E-1
1.99044E-2	3.79763E-3	2.34422E+1	-4.71315E-1
9.90486E-3	3.78230E-3	2.33475E+1	-2.33590E-1
-9.17912E-5	3.78027E-3	2.33350E+1	2.16358E-3
-9.94372E-3	3.75898E-3	2.32036E+1	2.33061E-1
-1.99451E-2	3.75138E-3	2.31567E+1	4.66527E-1
-2.99499E-2	3.74926E-3	2.31436E+1	7.00149E-1
-3.99494E-2	3.73366E-3	2.30473E+1	9.30025E-1
-4.99496E-2	3.72765E-3	2.30102E+1	1.16096E+0
-5.99563E-2	3.72219E-3	2.29765E+1	1.39150E+0
-6.99527E-2	3.70735E-3	2.28849E+1	1.61703E+0
-7.99572E-2	3.68840E-3	2.27679E+1	1.83885E+0
-8.99560E-2	3.69135E-3	2.27861E+1	2.07045E+0
-9.99627E-2	3.68100E-3	2.27222E+1	2.29432E+0
-1.09961E-1	3.68014E-3	2.27169E+1	2.52321E+0
-1.19964E-1	3.66219E-3	2.26061E+1	2.73931E+0
-1.29964E-1	3.64843E-3	2.25212E+1	2.95651E+0
-1.39961E-1	3.64205E-3	2.24818E+1	3.17836E+0
-1.49963E-1	3.62977E-3	2.24060E+1	3.39401E+0
-1.59962E-1	3.63085E-3	2.24127E+1	3.62139E+0
-1.69964E-1	3.60867E-3	2.22757E+1	3.82432E+0
-1.79964E-1	3.60138E-3	2.22307E+1	4.04114E+0
-1.89962E-1	3.58998E-3	2.21604E+1	4.25215E+0
-1.99960E-1	3.56378E-3	2.19986E+1	4.44328E+0
-2.09969E-1	3.55627E-3	2.19523E+1	4.65586E+0
-2.19967E-1	3.53924E-3	2.18472E+1	4.85420E+0
-2.29963E-1	3.52712E-3	2.17723E+1	5.05741E+0
-2.39966E-1	3.51226E-3	2.16806E+1	5.25516E+0
-2.49962E-1	3.49139E-3	2.15518E+1	5.44154E+0
-2.59959E-1	3.48407E-3	2.15066E+1	5.64731E+0
-2.69959E-1	3.46602E-3	2.13952E+1	5.83416E+0
-2.79962E-1	3.44514E-3	2.12663E+1	6.01389E+0
-2.89963E-1	3.43995E-3	2.12343E+1	6.21934E+0
-2.99960E-1	3.41357E-3	2.10714E+1	6.38443E+0
-3.09957E-1	3.40502E-3	2.10186E+1	6.58068E+0
-3.19961E-1	3.38921E-3	2.09210E+1	6.76154E+0
-3.29955E-1	3.36323E-3	2.07607E+1	6.91928E+0
-3.39952E-1	3.35263E-3	2.06952E+1	7.10646E+0
-3.49959E-1	3.32131E-3	2.05019E+1	7.24730E+0
-3.59961E-1	3.30383E-3	2.03940E+1	7.41520E+0
-3.69959E-1	3.28473E-3	2.02761E+1	7.57710E+0
-3.79957E-1	3.26203E-3	2.01360E+1	7.72809E+0
-3.89962E-1	3.24451E-3	2.00278E+1	7.88899E+0
-3.99958E-1	3.20839E-3	1.98049E+1	8.00113E+0
-4.09961E-1	3.19136E-3	1.96998E+1	8.15771E+0
-4.19961E-1	3.15734E-3	1.94898E+1	8.26761E+0
-4.29959E-1	3.13273E-3	1.93378E+1	8.39846E+0
-4.39957E-1	3.11100E-3	1.92037E+1	8.53415E+0
-4.49959E-1	3.07299E-3	1.89691E+1	8.62152E+0
-4.59961E-1	3.04263E-3	1.87817E+1	8.72610E+0
-4.69960E-1	3.00836E-3	1.85701E+1	8.81537E+0
-4.79957E-1	2.96939E-3	1.83296E+1	8.88627E+0
-4.89956E-1	2.94211E-3	1.81612E+1	8.98806E+0
-4.99962E-1	2.89531E-3	1.78723E+1	9.02572E+0
-5.09962E-1	2.85862E-3	1.76458E+1	9.08958E+0
-5.19961E-1	2.80980E-3	1.73444E+1	9.10953E+0
-5.29961E-1	2.76148E-3	1.70462E+1	9.12506E+0
-5.39966E-1	2.71966E-3	1.67880E+1	9.15653E+0
-5.49963E-1	2.66197E-3	1.64319E+1	9.12823E+0
-5.59962E-1	2.61305E-3	1.61299E+1	9.12339E+0
-5.69962E-1	2.55215E-3	1.57540E+1	9.06989E+0
-5.79960E-1	2.48006E-3	1.53090E+1	8.96830E+0
-5.89963E-1	2.41751E-3	1.49229E+1	8.89289E+0
-5.99961E-1	2.34368E-3	1.44672E+1	8.76741E+0
-6.09964E-1	2.26200E-3	1.39630E+1	8.60293E+0
-6.19961E-1	2.18506E-3	1.34880E+1	8.44651E+0
-6.29964E-1	2.08878E-3	1.28937E+1	8.20462E+0
-6.39997E-1	1.99359E-3	1.23061E+1	7.95543E+0
-6.50002E-1	1.88378E-3	1.16283E+1	7.63475E+0
-6.60005E-1	1.76782E-3	1.09125E+1	7.27503E+0
-6.70007E-1	1.64707E-3	1.01671E+1	6.88084E+0
-6.80010E-1	1.51150E-3	9.33025E+0	6.40875E+0
-6.90008E-1	1.37061E-3	8.46056E+0	5.89682E+0
-7.00013E-1	1.21539E-3	7.50241E+0	5.30483E+0
-7.10012E-1	1.04837E-3	6.47142E+0	4.64120E+0
-7.20011E-1	8.70855E-4	5.37565E+0	3.90962E+0
-7.30009E-1	6.84013E-4	4.22230E+0	3.11345E+0
-7.40008E-1	4.79921E-4	2.96248E+0	2.21440E+0
-7.50007E-1	2.67483E-4	1.65113E+0	1.25087E+0
-7.60012E-1	3.81628E-5	2.35573E-1	1.80847E-1
-7.70017E-1	-2.05229E-4	-1.26685E+0	-9.85346E-1
-7.80014E-1	-4.60180E-4	-2.84062E+0	-2.23810E+0
-7.90025E-1	-7.31583E-4	-4.51594E+0	-3.60375E+0
-8.00021E-1	-1.01470E-3	-6.26358E+0	-5.06161E+0
-8.10020E-1	-1.31387E-3	-8.11031E+0	-6.63587E+0
-8.20019E-1	-1.62696E-3	-1.00430E+1	-8.31861E+0
-8.30022E-1	-1.95385E-3	-1.20608E+1	-1.01118E+1
-8.40020E-1	-2.29463E-3	-1.41644E+1	-1.20186E+1
-8.50020E-1	-2.65015E-3	-1.63590E+1	-1.40459E+1
-8.60018E-1	-3.01859E-3	-1.86333E+1	-1.61868E+1
-8.70022E-1	-3.40095E-3	-2.09935E+1	-1.84493E+1
-8.80020E-1	-3.79676E-3	-2.34368E+1	-2.08332E+1
-8.90017E-1	-4.20585E-3	-2.59620E+1	-2.33401E+1
-9.00020E-1	-4.62752E-3	-2.85649E+1	-2.59687E+1
-9.10021E-1	-5.06207E-3	-3.12473E+1	-2.87230E+1
-9.20024E-1	-5.50778E-3	-3.39986E+1	-3.15955E+1
-9.30020E-1	-5.96615E-3	-3.68281E+1	-3.45968E+1
-9.40024E-1	-6.43686E-3	-3.97337E+1	-3.77279E+1
-9.50022E-1	-6.91717E-3	-4.26986E+1	-4.09743E+1
-9.60018E-1	-7.41074E-3	-4.57453E+1	-4.43599E+1
-9.70022E-1	-7.91296E-3	-4.88454E+1	-4.78597E+1
-9.80023E-1	-8.42722E-3	-5.20199E+1	-5.14956E+1
-9.90028E-1	-8.94983E-3	-5.52459E+1	-5.52474E+1
-1.00002E+0	-9.48169E-3	-5.85290E+1	-5.91213E+1
-1.01002E+0	-1.00252E-2	-6.18840E+1	-6.31354E+1
