1.01003E+0	3.86957E-3	2.38862E+1	-2.38869E+1
1.00003E+0	3.87893E-3	2.39440E+1	-2.37077E+1
9.90032E-1	3.88246E-3	2.39658E+1	-2.34920E+1
9.80025E-1	3.86703E-3	2.38706E+1	-2.31621E+1
9.70028E-1	3.87576E-3	2.39244E+1	-2.29776E+1
9.60026E-1	3.86111E-3	2.38340E+1	-2.26547E+1
9.50025E-1	3.86585E-3	2.38633E+1	-2.24462E+1
9.40026E-1	3.86706E-3	2.38707E+1	-2.22169E+1
9.30019E-1	3.86039E-3	2.38296E+1	-2.19425E+1
9.20024E-1	3.86716E-3	2.38714E+1	-2.17448E+1
9.10023E-1	3.85953E-3	2.38243E+1	-2.14660E+1
9.00023E-1	3.87395E-3	2.39133E+1	-2.13094E+1
8.90022E-1	3.87105E-3	2.38954E+1	-2.10568E+1
8.80023E-1	3.86435E-3	2.38540E+1	-2.07842E+1
8.69987E-1	3.86106E-3	2.38337E+1	-2.05297E+1
8.59994E-1	3.86941E-3	2.38852E+1	-2.03378E+1
8.49993E-1	3.85443E-3	2.37928E+1	-2.00235E+1
8.39992E-1	3.85408E-3	2.37906E+1	-1.97861E+1
8.29990E-1	3.86006E-3	2.38275E+1	-1.95808E+1
8.19985E-1	3.86322E-3	2.38470E+1	-1.93606E+1
8.09991E-1	3.85761E-3	2.38124E+1	-1.90969E+1
7.99993E-1	3.86739E-3	2.38728E+1	-1.89090E+1
7.89988E-1	3.86619E-3	2.38654E+1	-1.86667E+1
7.79977E-1	3.85809E-3	2.38154E+1	-1.83915E+1
7.69979E-1	3.86791E-3	2.38760E+1	-1.82020E+1
7.59977E-1	3.86022E-3	2.38285E+1	-1.79298E+1
7.49978E-1	3.86374E-3	2.38502E+1	-1.77101E+1
7.39974E-1	3.86477E-3	2.38566E+1	-1.74785E+1
7.29975E-1	3.85494E-3	2.37959E+1	-1.71984E+1
7.19974E-1	3.86089E-3	2.38327E+1	-1.69890E+1
7.09974E-1	3.85179E-3	2.37765E+1	-1.67135E+1
6.99974E-1	3.85044E-3	2.37681E+1	-1.64724E+1
6.89972E-1	3.84692E-3	2.37464E+1	-1.62221E+1
6.79971E-1	3.84521E-3	2.37359E+1	-1.59799E+1
6.69966E-1	3.85039E-3	2.37678E+1	-1.57660E+1
6.59970E-1	3.83796E-3	2.36911E+1	-1.54806E+1
6.49971E-1	3.84851E-3	2.37562E+1	-1.52880E+1
6.39974E-1	3.84599E-3	2.37407E+1	-1.50430E+1
6.29970E-1	3.83902E-3	2.36977E+1	-1.47810E+1
6.19965E-1	3.84928E-3	2.37610E+1	-1.45851E+1
6.09971E-1	3.84116E-3	2.37109E+1	-1.43197E+1
5.99963E-1	3.83382E-3	2.36656E+1	-1.40579E+1
5.89971E-1	3.84994E-3	2.37651E+1	-1.38819E+1
5.79971E-1	3.83904E-3	2.36978E+1	-1.36079E+1
5.69973E-1	3.84635E-3	2.37429E+1	-1.33988E+1
5.59974E-1	3.84240E-3	2.37185E+1	-1.31503E+1
5.49978E-1	3.83757E-3	2.36887E+1	-1.28993E+1
5.39977E-1	3.84813E-3	2.37539E+1	-1.26996E+1
5.29979E-1	3.84108E-3	2.37104E+1	-1.24416E+1
5.19978E-1	3.84601E-3	2.37408E+1	-1.22225E+1
5.09973E-1	3.84267E-3	2.37202E+1	-1.19769E+1
4.99976E-1	3.83255E-3	2.36577E+1	-1.17112E+1
4.89966E-1	3.83302E-3	2.36606E+1	-1.14781E+1
4.79965E-1	3.83234E-3	2.36564E+1	-1.12418E+1
4.69968E-1	3.82812E-3	2.36304E+1	-1.09956E+1
4.59968E-1	3.83550E-3	2.36759E+1	-1.07823E+1
4.49965E-1	3.82217E-3	2.35936E+1	-1.05112E+1
4.39965E-1	3.83318E-3	2.36616E+1	-1.03072E+1
4.29966E-1	3.82114E-3	2.35873E+1	-1.00413E+1
4.19967E-1	3.82248E-3	2.35956E+1	-9.81124E+0
4.09971E-1	3.82804E-3	2.36299E+1	-9.59165E+0
3.99971E-1	3.81584E-3	2.35546E+1	-9.32787E+0
3.89971E-1	3.82153E-3	2.35897E+1	-9.10821E+0
3.79968E-1	3.82366E-3	2.36028E+1	-8.87953E+0
3.69969E-1	3.81209E-3	2.35314E+1	-8.61970E+0
3.59970E-1	3.80645E-3	2.34966E+1	-8.37433E+0
3.49970E-1	3.82060E-3	2.35840E+1	-8.17196E+0
3.39964E-1	3.81039E-3	2.35209E+1	-7.91710E+0
3.29968E-1	3.82522E-3	2.36125E+1	-7.71422E+0
3.19969E-1	3.82292E-3	2.35983E+1	-7.47596E+0
3.09967E-1	3.82352E-3	2.36020E+1	-7.24340E+0
2.99970E-1	3.82501E-3	2.36112E+1	-7.01252E+0
2.89968E-1	3.81562E-3	2.35532E+1	-6.76206E+0
2.79978E-1	3.81685E-3	2.35608E+1	-6.53119E+0
2.69979E-1	3.80441E-3	2.34840E+1	-6.27742E+0
2.59978E-1	3.81437E-3	2.35455E+1	-6.06070E+0
2.49981E-1	3.81611E-3	2.35562E+1	-5.83031E+0
2.39981E-1	3.80729E-3	2.35018E+1	-5.58414E+0
2.29979E-1	3.80653E-3	2.34971E+1	-5.35034E+0
2.19983E-1	3.80819E-3	2.35073E+1	-5.12002E+0
2.09981E-1	3.80414E-3	2.34823E+1	-4.88203E+0
1.99976E-1	3.80893E-3	2.35119E+1	-4.65527E+0
1.89977E-1	3.79614E-3	2.34330E+1	-4.40765E+0
1.79977E-1	3.80407E-3	2.34819E+1	-4.18436E+0
1.69983E-1	3.79515E-3	2.34269E+1	-3.94274E+0
1.59978E-1	3.78902E-3	2.33890E+1	-3.70468E+0
1.49979E-1	3.80014E-3	2.34577E+1	-3.48332E+0
1.39979E-1	3.79257E-3	2.34109E+1	-3.24459E+0
1.29979E-1	3.79448E-3	2.34227E+1	-3.01432E+0
1.19980E-1	3.80328E-3	2.34770E+1	-2.78889E+0
1.09980E-1	3.79621E-3	2.34334E+1	-2.55169E+0
9.99770E-2	3.79592E-3	2.34316E+1	-2.31943E+0
8.99780E-2	3.78946E-3	2.33917E+1	-2.08390E+0
7.99797E-2	3.78935E-3	2.33910E+1	-1.85229E+0
6.99823E-2	3.79622E-3	2.34335E+1	-1.62369E+0
5.99830E-2	3.77932E-3	2.33291E+1	-1.38550E+0
4.99768E-2	3.78558E-3	2.33678E+1	-1.15628E+0
3.99756E-2	3.77682E-3	2.33137E+1	-9.22752E-1
2.99766E-2	3.77920E-3	2.33284E+1	-6.92382E-1
1.99769E-2	3.78437E-3	2.33603E+1	-4.62046E-1
9.97400E-3	3.77585E-3	2.33077E+1	-2.30169E-1
-2.74181E-5	3.78265E-3	2.33497E+1	6.33866E-4
-9.90272E-3	3.78237E-3	2.33480E+1	2.28919E-1
-1.99053E-2	3.76574E-3	2.32453E+1	4.58124E-1
-2.98989E-2	3.77045E-3	2.32744E+1	6.88989E-1
-3.98986E-2	3.76987E-3	2.32708E+1	9.19280E-1
-4.98984E-2	3.76434E-3	2.32367E+1	1.14799E+0
-5.99072E-2	3.76988E-3	2.32709E+1	1.38029E+0
-6.99060E-2	3.76040E-3	2.32123E+1	1.60662E+0
-7.99053E-2	3.77113E-3	2.32786E+1	1.84167E+0
-8.99050E-2	3.75422E-3	2.31742E+1	2.06285E+0
-9.99136E-2	3.75377E-3	2.31714E+1	2.29222E+0
-1.09912E-1	3.75136E-3	2.31565E+1	2.51998E+0
-1.19908E-1	3.74588E-3	2.31227E+1	2.74515E+0
-1.29908E-1	3.75546E-3	2.31819E+1	2.98169E+0
-1.39909E-1	3.74883E-3	2.31409E+1	3.20557E+0
-1.49905E-1	3.73679E-3	2.30666E+1	3.42356E+0
-1.59908E-1	3.73894E-3	2.30799E+1	3.65412E+0
-1.69912E-1	3.71843E-3	2.29533E+1	3.86142E+0
-1.79908E-1	3.73140E-3	2.30333E+1	4.10285E+0
-1.89908E-1	3.73015E-3	2.30256E+1	4.32945E+0
-1.99910E-1	3.72251E-3	2.29785E+1	4.54814E+0
-2.09919E-1	3.72536E-3	2.29960E+1	4.77951E+0
-2.19916E-1	3.70954E-3	2.28984E+1	4.98586E+0
-2.29917E-1	3.71104E-3	2.29077E+1	5.21471E+0
-2.39925E-1	3.70940E-3	2.28975E+1	5.43930E+0
-2.49919E-1	3.69817E-3	2.28282E+1	5.64872E+0
-2.59923E-1	3.70152E-3	2.28489E+1	5.88015E+0
-2.69920E-1	3.70295E-3	2.28577E+1	6.10867E+0
-2.79919E-1	3.68987E-3	2.27770E+1	6.31258E+0
-2.89914E-1	3.69151E-3	2.27871E+1	6.54089E+0
-2.99914E-1	3.67396E-3	2.26788E+1	6.73434E+0
-3.09911E-1	3.66864E-3	2.26459E+1	6.94873E+0
-3.19913E-1	3.66549E-3	2.26265E+1	7.16684E+0
-3.29913E-1	3.65831E-3	2.25822E+1	7.37638E+0
-3.39913E-1	3.66596E-3	2.26294E+1	7.61586E+0
-3.49919E-1	3.64802E-3	2.25186E+1	7.80168E+0
-3.59917E-1	3.64324E-3	2.24891E+1	8.01408E+0
-3.69920E-1	3.63566E-3	2.24423E+1	8.21968E+0
-3.79917E-1	3.62161E-3	2.23556E+1	8.40919E+0
-3.89918E-1	3.61267E-3	2.23004E+1	8.60925E+0
-3.99918E-1	3.61452E-3	2.23119E+1	8.83457E+0
-4.09915E-1	3.60763E-3	2.22693E+1	9.03815E+0
-4.19916E-1	3.58883E-3	2.21533E+1	9.21041E+0
-4.29913E-1	3.58948E-3	2.21573E+1	9.43139E+0
-4.39914E-1	3.56850E-3	2.20278E+1	9.59438E+0
-4.49914E-1	3.56361E-3	2.19976E+1	9.79903E+0
-4.59916E-1	3.54278E-3	2.18690E+1	9.95833E+0
-4.69917E-1	3.53454E-3	2.18181E+1	1.01512E+1
-4.79916E-1	3.52587E-3	2.17646E+1	1.03418E+1
-4.89913E-1	3.49711E-3	2.15871E+1	1.04711E+1
-4.99920E-1	3.48689E-3	2.15240E+1	1.06537E+1
-5.09918E-1	3.46977E-3	2.14183E+1	1.08135E+1
-5.19913E-1	3.44654E-3	2.12749E+1	1.09516E+1
-5.29911E-1	3.43774E-3	2.12206E+1	1.11337E+1
-5.39913E-1	3.40685E-3	2.10299E+1	1.12419E+1
-5.49912E-1	3.38234E-3	2.08786E+1	1.13677E+1
-5.59915E-1	3.36501E-3	2.07717E+1	1.15152E+1
-5.69908E-1	3.32823E-3	2.05446E+1	1.15926E+1
-5.79909E-1	3.30157E-3	2.03801E+1	1.17016E+1
-5.89908E-1	3.26976E-3	2.01837E+1	1.17886E+1
-5.99903E-1	3.23193E-3	1.99502E+1	1.18497E+1
-6.09907E-1	3.20373E-3	1.97761E+1	1.19422E+1
-6.19905E-1	3.15454E-3	1.94725E+1	1.19516E+1
-6.29907E-1	3.11288E-3	1.92153E+1	1.19840E+1
-6.39938E-1	3.06710E-3	1.89327E+1	1.19958E+1
-6.49942E-1	3.00666E-3	1.85596E+1	1.19433E+1
-6.59945E-1	2.95018E-3	1.82110E+1	1.18993E+1
-6.69942E-1	2.89134E-3	1.78478E+1	1.18386E+1
-6.79949E-1	2.81150E-3	1.73549E+1	1.16836E+1
-6.89948E-1	2.73150E-3	1.68611E+1	1.15181E+1
-6.99949E-1	2.63386E-3	1.62584E+1	1.12674E+1
-7.09946E-1	2.52945E-3	1.56139E+1	1.09753E+1
-7.19949E-1	2.42215E-3	1.49515E+1	1.06578E+1
-7.29946E-1	2.28899E-3	1.41296E+1	1.02117E+1
-7.39947E-1	2.14483E-3	1.32397E+1	9.69967E+0
-7.49942E-1	1.98921E-3	1.22791E+1	9.11742E+0
-7.59948E-1	1.81020E-3	1.11741E+1	8.40764E+0
-7.69950E-1	1.62459E-3	1.00283E+1	7.64487E+0
-7.79948E-1	1.42671E-3	8.80685E+0	6.80088E+0
-7.89957E-1	1.20779E-3	7.45549E+0	5.83121E+0
-7.99955E-1	9.77119E-4	6.03160E+0	4.77724E+0
-8.09955E-1	7.35046E-4	4.53732E+0	3.63864E+0
-8.19955E-1	4.75419E-4	2.93469E+0	2.38248E+0
-8.29959E-1	2.05038E-4	1.26567E+0	1.04005E+0
-8.39959E-1	-7.55108E-5	-4.66116E-1	-3.87642E-1
-8.49962E-1	-3.69687E-4	-2.28202E+0	-1.92042E+0
-8.59961E-1	-6.73849E-4	-4.15956E+0	-3.54164E+0
-8.69956E-1	-9.86768E-4	-6.09116E+0	-5.24658E+0
-8.79957E-1	-1.31067E-3	-8.09056E+0	-7.04885E+0
-8.89954E-1	-1.64325E-3	-1.01435E+1	-8.93789E+0
-8.99954E-1	-1.98181E-3	-1.22334E+1	-1.09005E+1
-9.09952E-1	-2.32911E-3	-1.43772E+1	-1.29531E+1
-9.19957E-1	-2.68432E-3	-1.65699E+1	-1.50926E+1
-9.29958E-1	-3.04460E-3	-1.87938E+1	-1.73044E+1
-9.39962E-1	-3.41175E-3	-2.10602E+1	-1.95998E+1
-9.49960E-1	-3.78496E-3	-2.33640E+1	-2.19751E+1
-9.59960E-1	-4.16214E-3	-2.56922E+1	-2.44193E+1
-9.69961E-1	-4.54507E-3	-2.80560E+1	-2.69438E+1
-9.79965E-1	-4.93374E-3	-3.04552E+1	-2.95495E+1
-9.89965E-1	-5.32558E-3	-3.28740E+1	-3.22218E+1
-9.99964E-1	-5.72169E-3	-3.53191E+1	-3.49681E+1
-1.00996E+0	-6.12234E-3	-3.77922E+1	-3.77907E+1
