1.01000E+0	8.08823E-4	4.70246E+0	-4.82671E+0
1.00001E+0	5.85001E-4	3.40117E+0	-3.45651E+0
9.90007E-1	3.94318E-4	2.29255E+0	-2.30654E+0
9.80010E-1	2.28525E-4	1.32863E+0	-1.32325E+0
9.70010E-1	9.24248E-5	5.37353E-1	-5.29714E-1
9.60011E-1	-1.94304E-5	-1.12967E-1	1.10213E-1
9.50001E-1	-1.21869E-4	-7.08541E-1	6.84059E-1
9.40004E-1	-2.00256E-4	-1.16428E+0	1.11222E+0
9.29996E-1	-2.73912E-4	-1.59251E+0	1.50511E+0
9.20000E-1	-3.37209E-4	-1.96052E+0	1.83300E+0
9.09999E-1	-3.90093E-4	-2.26798E+0	2.09742E+0
9.00000E-1	-4.40318E-4	-2.55999E+0	2.34145E+0
8.89998E-1	-4.75877E-4	-2.76673E+0	2.50242E+0
8.79999E-1	-5.15972E-4	-2.99984E+0	2.68278E+0
8.69967E-1	-5.60983E-4	-3.26153E+0	2.88356E+0
8.59970E-1	-6.04750E-4	-3.51599E+0	3.07281E+0
8.49968E-1	-6.37802E-4	-3.70815E+0	3.20306E+0
8.39969E-1	-6.69847E-4	-3.89446E+0	3.32442E+0
8.29967E-1	-6.92341E-4	-4.02524E+0	3.39514E+0
8.19966E-1	-7.24990E-4	-4.21506E+0	3.51240E+0
8.09968E-1	-7.57641E-4	-4.40489E+0	3.62583E+0
7.99968E-1	-7.84304E-4	-4.55991E+0	3.70709E+0
7.89968E-1	-8.08429E-4	-4.70017E+0	3.77336E+0
7.79958E-1	-8.26870E-4	-4.80738E+0	3.81053E+0
7.69959E-1	-8.47184E-4	-4.92549E+0	3.85409E+0
7.59964E-1	-8.74214E-4	-5.08264E+0	3.92543E+0
7.49966E-1	-8.99123E-4	-5.22746E+0	3.98416E+0
7.39960E-1	-9.18769E-4	-5.34168E+0	4.01690E+0
7.29960E-1	-9.36132E-4	-5.44263E+0	4.03750E+0
7.19963E-1	-9.58830E-4	-5.57459E+0	4.07876E+0
7.09964E-1	-9.77723E-4	-5.68444E+0	4.10137E+0
6.99963E-1	-9.98078E-4	-5.80278E+0	4.12778E+0
6.89956E-1	-1.01703E-3	-5.91297E+0	4.14602E+0
6.79956E-1	-1.03099E-3	-5.99413E+0	4.14202E+0
6.69952E-1	-1.04820E-3	-6.09419E+0	4.14920E+0
6.59954E-1	-1.06382E-3	-6.18500E+0	4.14819E+0
6.49951E-1	-1.08410E-3	-6.30291E+0	4.16319E+0
6.39954E-1	-1.10876E-3	-6.44628E+0	4.19240E+0
6.29949E-1	-1.12295E-3	-6.52878E+0	4.17967E+0
6.19947E-1	-1.13469E-3	-6.59703E+0	4.15631E+0
6.09949E-1	-1.14674E-3	-6.66709E+0	4.13271E+0
5.99947E-1	-1.16727E-3	-6.78645E+0	4.13772E+0
5.89948E-1	-1.18659E-3	-6.89878E+0	4.13610E+0
5.79947E-1	-1.20095E-3	-6.98227E+0	4.11519E+0
5.69949E-1	-1.21023E-3	-7.03622E+0	4.07550E+0
5.59947E-1	-1.22200E-3	-7.10465E+0	4.04291E+0
5.49953E-1	-1.22924E-3	-7.14674E+0	3.99428E+0
5.39950E-1	-1.24588E-3	-7.24349E+0	3.97472E+0
5.29951E-1	-1.26097E-3	-7.33122E+0	3.94836E+0
5.19948E-1	-1.27698E-3	-7.42430E+0	3.92302E+0
5.09946E-1	-1.29153E-3	-7.50890E+0	3.89139E+0
4.99946E-1	-1.30112E-3	-7.56465E+0	3.84341E+0
4.89941E-1	-1.31074E-3	-7.62058E+0	3.79434E+0
4.79942E-1	-1.32527E-3	-7.70506E+0	3.75811E+0
4.69942E-1	-1.34170E-3	-7.80058E+0	3.72543E+0
4.59942E-1	-1.35577E-3	-7.88238E+0	3.68439E+0
4.49940E-1	-1.36900E-3	-7.95930E+0	3.63944E+0
4.39941E-1	-1.37703E-3	-8.00599E+0	3.57943E+0
4.29941E-1	-1.38724E-3	-8.06535E+0	3.52401E+0
4.19944E-1	-1.39541E-3	-8.11285E+0	3.46234E+0
4.09945E-1	-1.40963E-3	-8.19552E+0	3.41434E+0
3.99946E-1	-1.42348E-3	-8.27605E+0	3.36379E+0
3.89948E-1	-1.43466E-3	-8.34105E+0	3.30546E+0
3.79942E-1	-1.44322E-3	-8.39081E+0	3.23986E+0
3.69942E-1	-1.44946E-3	-8.42709E+0	3.16823E+0
3.59942E-1	-1.45462E-3	-8.45709E+0	3.09356E+0
3.49944E-1	-1.46721E-3	-8.53029E+0	3.03366E+0
3.39934E-1	-1.48512E-3	-8.63442E+0	2.98286E+0
3.29940E-1	-1.49931E-3	-8.71692E+0	2.92283E+0
3.19939E-1	-1.50399E-3	-8.74413E+0	2.84308E+0
3.09935E-1	-1.50824E-3	-8.76884E+0	2.76196E+0
2.99939E-1	-1.51772E-3	-8.82395E+0	2.68968E+0
2.89937E-1	-1.53178E-3	-8.90570E+0	2.62408E+0
2.79942E-1	-1.54426E-3	-8.97826E+0	2.55426E+0
2.69941E-1	-1.55108E-3	-9.01791E+0	2.47388E+0
2.59940E-1	-1.55345E-3	-9.03169E+0	2.38587E+0
2.49942E-1	-1.55976E-3	-9.06837E+0	2.30342E+0
2.39944E-1	-1.57132E-3	-9.13558E+0	2.22767E+0
2.29938E-1	-1.57984E-3	-9.18512E+0	2.14635E+0
2.19941E-1	-1.58666E-3	-9.22477E+0	2.06189E+0
2.09939E-1	-1.60015E-3	-9.30320E+0	1.98486E+0
1.99933E-1	-1.60737E-3	-9.34517E+0	1.89879E+0
1.89935E-1	-1.61279E-3	-9.37669E+0	1.80992E+0
1.79935E-1	-1.61966E-3	-9.41663E+0	1.72193E+0
1.69938E-1	-1.63293E-3	-9.49378E+0	1.63959E+0
1.59932E-1	-1.64551E-3	-9.56692E+0	1.55494E+0
1.49936E-1	-1.65446E-3	-9.61895E+0	1.46568E+0
1.39939E-1	-1.65639E-3	-9.63017E+0	1.36955E+0
1.29937E-1	-1.65811E-3	-9.64017E+0	1.27298E+0
1.19938E-1	-1.67058E-3	-9.71267E+0	1.18386E+0
1.09941E-1	-1.68516E-3	-9.79744E+0	1.09466E+0
9.99384E-2	-1.68947E-3	-9.82250E+0	9.97607E-1
8.99343E-2	-1.69057E-3	-9.82890E+0	8.98328E-1
7.99360E-2	-1.69262E-3	-9.84081E+0	7.99426E-1
6.99360E-2	-1.70205E-3	-9.89564E+0	7.03314E-1
5.99360E-2	-1.71492E-3	-9.97047E+0	6.07307E-1
4.99272E-2	-1.72598E-3	-1.00348E+1	5.09154E-1
3.99301E-2	-1.73010E-3	-1.00587E+1	4.08177E-1
2.99299E-2	-1.73353E-3	-1.00787E+1	3.06558E-1
1.99335E-2	-1.74239E-3	-1.01302E+1	2.05213E-1
9.92584E-3	-1.75449E-3	-1.02005E+1	1.02895E-1
-6.36578E-5	-1.76424E-3	-1.02572E+1	-6.63568E-4
-9.76753E-3	-1.76672E-3	-1.02716E+1	-1.01960E-1
-1.97713E-2	-1.77245E-3	-1.03049E+1	-2.07055E-1
-2.97728E-2	-1.78299E-3	-1.03662E+1	-3.13650E-1
-3.97723E-2	-1.79496E-3	-1.04358E+1	-4.21805E-1
-4.97713E-2	-1.80005E-3	-1.04654E+1	-5.29346E-1
-5.97799E-2	-1.80226E-3	-1.04783E+1	-6.36574E-1
-6.97777E-2	-1.81023E-3	-1.05246E+1	-7.46323E-1
-7.97772E-2	-1.82017E-3	-1.05824E+1	-8.57960E-1
-8.97751E-2	-1.82471E-3	-1.06088E+1	-9.67890E-1
-9.97796E-2	-1.82822E-3	-1.06292E+1	-1.07782E+0
-1.09777E-1	-1.83698E-3	-1.06801E+1	-1.19150E+0
-1.19779E-1	-1.84806E-3	-1.07445E+1	-1.30790E+0
-1.29781E-1	-1.85794E-3	-1.08020E+1	-1.42469E+0
-1.39778E-1	-1.86074E-3	-1.08183E+1	-1.53674E+0
-1.49776E-1	-1.86304E-3	-1.08316E+1	-1.64870E+0
-1.59774E-1	-1.87139E-3	-1.08802E+1	-1.76664E+0
-1.69779E-1	-1.88189E-3	-1.09412E+1	-1.88779E+0
-1.79777E-1	-1.89353E-3	-1.10089E+1	-2.01133E+0
-1.89777E-1	-1.90200E-3	-1.10581E+1	-2.13270E+0
-1.99779E-1	-1.90453E-3	-1.10728E+1	-2.24809E+0
-2.09785E-1	-1.91130E-3	-1.11122E+1	-2.36908E+0
-2.19786E-1	-1.92018E-3	-1.11638E+1	-2.49355E+0
-2.29785E-1	-1.93305E-3	-1.12387E+1	-2.62447E+0
-2.39791E-1	-1.93952E-3	-1.12763E+1	-2.74792E+0
-2.49791E-1	-1.94623E-3	-1.13153E+1	-2.87242E+0
-2.59790E-1	-1.95550E-3	-1.13692E+1	-3.00163E+0
-2.69789E-1	-1.97062E-3	-1.14571E+1	-3.14126E+0
-2.79789E-1	-1.98059E-3	-1.15151E+1	-3.27417E+0
-2.89788E-1	-1.98442E-3	-1.15373E+1	-3.39774E+0
-2.99787E-1	-1.98657E-3	-1.15498E+1	-3.51879E+0
-3.09783E-1	-1.99821E-3	-1.16175E+1	-3.65742E+0
-3.19787E-1	-2.01201E-3	-1.16977E+1	-3.80161E+0
-3.29785E-1	-2.02551E-3	-1.17762E+1	-3.94677E+0
-3.39784E-1	-2.02776E-3	-1.17893E+1	-4.07095E+0
-3.49790E-1	-2.03157E-3	-1.18115E+1	-4.19871E+0
-3.59785E-1	-2.04199E-3	-1.18720E+1	-4.34083E+0
-3.69784E-1	-2.06048E-3	-1.19795E+1	-4.50187E+0
-3.79780E-1	-2.07197E-3	-1.20463E+1	-4.64935E+0
-3.89783E-1	-2.07781E-3	-1.20803E+1	-4.78526E+0
-3.99784E-1	-2.08518E-3	-1.21231E+1	-4.92544E+0
-4.09782E-1	-2.09915E-3	-1.22044E+1	-5.08245E+0
-4.19784E-1	-2.10941E-3	-1.22640E+1	-5.23195E+0
-4.29782E-1	-2.11683E-3	-1.23072E+1	-5.37540E+0
-4.39781E-1	-2.12715E-3	-1.23672E+1	-5.52727E+0
-4.49781E-1	-2.14354E-3	-1.24624E+1	-5.69651E+0
-4.59785E-1	-2.15753E-3	-1.25438E+1	-5.86122E+0
-4.69786E-1	-2.16770E-3	-1.26029E+1	-6.01694E+0
-4.79788E-1	-2.17513E-3	-1.26461E+1	-6.16611E+0
-4.89787E-1	-2.19218E-3	-1.27452E+1	-6.34395E+0
-4.99794E-1	-2.19910E-3	-1.27855E+1	-6.49400E+0
-5.09798E-1	-2.21499E-3	-1.28778E+1	-6.67185E+0
-5.19796E-1	-2.22170E-3	-1.29169E+1	-6.82331E+0
-5.29796E-1	-2.22579E-3	-1.29406E+1	-6.96738E+0
-5.39798E-1	-2.23274E-3	-1.29810E+1	-7.12108E+0
-5.49800E-1	-2.24845E-3	-1.30724E+1	-7.30406E+0
-5.59806E-1	-2.26856E-3	-1.31893E+1	-7.50351E+0
-5.69799E-1	-2.29003E-3	-1.33141E+1	-7.70973E+0
-5.79797E-1	-2.30317E-3	-1.33905E+1	-7.89003E+0
-5.89795E-1	-2.30796E-3	-1.34184E+1	-8.04277E+0
-5.99793E-1	-2.32066E-3	-1.34922E+1	-8.22412E+0
-6.09797E-1	-2.34336E-3	-1.36242E+1	-8.44308E+0
-6.19797E-1	-2.35991E-3	-1.37204E+1	-8.64214E+0
-6.29798E-1	-2.36854E-3	-1.37706E+1	-8.81370E+0
-6.39832E-1	-2.39536E-3	-1.39265E+1	-9.05552E+0
-6.49840E-1	-2.40111E-3	-1.39599E+1	-9.21924E+0
-6.59839E-1	-2.43055E-3	-1.41311E+1	-9.47587E+0
-6.69839E-1	-2.45139E-3	-1.42523E+1	-9.70196E+0
-6.79842E-1	-2.47647E-3	-1.43981E+1	-9.94758E+0
-6.89850E-1	-2.48706E-3	-1.44597E+1	-1.01372E+1
-6.99847E-1	-2.49748E-3	-1.45202E+1	-1.03272E+1
-7.09850E-1	-2.52114E-3	-1.46578E+1	-1.05740E+1
-7.19850E-1	-2.55321E-3	-1.48442E+1	-1.08594E+1
-7.29850E-1	-2.55931E-3	-1.48797E+1	-1.10365E+1
-7.39851E-1	-2.57936E-3	-1.49963E+1	-1.12754E+1
-7.49843E-1	-2.55937E-3	-1.48801E+1	-1.13391E+1
-7.59846E-1	-2.60169E-3	-1.51261E+1	-1.16804E+1
-7.69847E-1	-2.60237E-3	-1.51301E+1	-1.18372E+1
-7.79840E-1	-2.59552E-3	-1.50902E+1	-1.19593E+1
-7.89848E-1	-2.62368E-3	-1.52540E+1	-1.22442E+1
-7.99852E-1	-2.64250E-3	-1.53634E+1	-1.24882E+1
-8.09849E-1	-2.65993E-3	-1.54647E+1	-1.27277E+1
-8.19852E-1	-2.66963E-3	-1.55211E+1	-1.29319E+1
-8.29857E-1	-2.69309E-3	-1.56575E+1	-1.32048E+1
-8.39855E-1	-2.69318E-3	-1.56580E+1	-1.33643E+1
-8.49861E-1	-2.72149E-3	-1.58226E+1	-1.36657E+1
-8.59862E-1	-2.73131E-3	-1.58797E+1	-1.38764E+1
-8.69860E-1	-2.77741E-3	-1.61477E+1	-1.42747E+1
-8.79863E-1	-2.77453E-3	-1.61310E+1	-1.44238E+1
-8.89862E-1	-2.82085E-3	-1.64003E+1	-1.48313E+1
-8.99863E-1	-2.81776E-3	-1.63823E+1	-1.49816E+1
-9.09863E-1	-2.81069E-3	-1.63412E+1	-1.51100E+1
-9.19861E-1	-2.84885E-3	-1.65631E+1	-1.54835E+1
-9.29856E-1	-2.87566E-3	-1.67190E+1	-1.57990E+1
-9.39865E-1	-2.86742E-3	-1.66710E+1	-1.59233E+1
-9.49865E-1	-2.96249E-3	-1.72238E+1	-1.66263E+1
-9.59865E-1	-3.05801E-3	-1.77791E+1	-1.73431E+1
-9.69870E-1	-3.05174E-3	-1.77427E+1	-1.74879E+1
-9.79867E-1	-3.10642E-3	-1.80606E+1	-1.79847E+1
-9.89866E-1	-3.13820E-3	-1.82453E+1	-1.83541E+1
-9.99864E-1	-3.15454E-3	-1.83403E+1	-1.86360E+1
-1.00987E+0	-3.17525E-3	-1.84608E+1	-1.89461E+1
