1.00999E+0	2.20847E-3	1.36325E+1	-1.42386E+1
1.00001E+0	1.34036E-4	8.27383E-1	-8.55627E-1
9.90003E-1	1.32081E-4	8.15315E-1	-8.34710E-1
9.79992E-1	1.30200E-4	8.03704E-1	-8.14502E-1
9.70017E-1	1.28156E-4	7.91086E-1	-7.93555E-1
9.60004E-1	1.26048E-4	7.78074E-1	-7.72445E-1
9.49995E-1	1.24212E-4	7.66741E-1	-7.53257E-1
9.40022E-1	1.22341E-4	7.55191E-1	-7.34123E-1
9.30011E-1	1.20536E-4	7.44049E-1	-7.15589E-1
9.19999E-1	1.18410E-4	7.30926E-1	-6.95399E-1
9.09987E-1	1.16748E-4	7.20667E-1	-6.78177E-1
9.00010E-1	1.14800E-4	7.08642E-1	-6.59550E-1
8.89997E-1	1.13080E-4	6.98025E-1	-6.42440E-1
8.79988E-1	1.11230E-4	6.86605E-1	-6.24823E-1
8.70010E-1	1.09447E-4	6.75599E-1	-6.07836E-1
8.59996E-1	1.07708E-4	6.64864E-1	-5.91293E-1
8.49986E-1	1.05806E-4	6.53123E-1	-5.74091E-1
8.39974E-1	1.04085E-4	6.42500E-1	-5.58101E-1
8.29998E-1	1.02301E-4	6.31488E-1	-5.42020E-1
8.19988E-1	1.00489E-4	6.20302E-1	-5.25999E-1
8.09973E-1	9.84925E-5	6.07978E-1	-5.09251E-1
7.99996E-1	9.67737E-5	5.97369E-1	-4.94201E-1
7.89988E-1	9.55689E-5	5.89931E-1	-4.81943E-1
7.79971E-1	9.41277E-5	5.81035E-1	-4.68656E-1
7.69999E-1	9.26124E-5	5.71681E-1	-4.55216E-1
7.59990E-1	9.07923E-5	5.60446E-1	-4.40469E-1
7.49979E-1	8.91976E-5	5.50602E-1	-4.27032E-1
7.39967E-1	8.75651E-5	5.40525E-1	-4.13620E-1
7.29987E-1	8.56845E-5	5.28917E-1	-3.99278E-1
7.19977E-1	8.40291E-5	5.18698E-1	-3.86195E-1
7.09967E-1	8.25794E-5	5.09749E-1	-3.74256E-1
6.99992E-1	8.10762E-5	5.00470E-1	-3.62281E-1
6.89981E-1	7.93166E-5	4.89609E-1	-3.49349E-1
6.79971E-1	7.78856E-5	4.80775E-1	-3.38070E-1
6.69995E-1	7.63786E-5	4.71473E-1	-3.26664E-1
6.59984E-1	7.47407E-5	4.61362E-1	-3.14883E-1
6.49970E-1	7.31533E-5	4.51564E-1	-3.03519E-1
6.39959E-1	7.15274E-5	4.41527E-1	-2.92202E-1
6.29978E-1	6.99917E-5	4.32048E-1	-2.81469E-1
6.19966E-1	6.84036E-5	4.22244E-1	-2.70711E-1
6.09957E-1	6.69045E-5	4.12991E-1	-2.60503E-1
5.99983E-1	6.53559E-5	4.03431E-1	-2.50312E-1
5.89972E-1	6.34878E-5	3.91900E-1	-2.39100E-1
5.79959E-1	6.17635E-5	3.81256E-1	-2.28659E-1
5.69982E-1	6.03164E-5	3.72323E-1	-2.19460E-1
5.59972E-1	5.88204E-5	3.63089E-1	-2.10258E-1
5.49962E-1	5.73733E-5	3.54156E-1	-2.01419E-1
5.39950E-1	5.58997E-5	3.45060E-1	-1.92673E-1
5.29970E-1	5.44696E-5	3.36232E-1	-1.84274E-1
5.19963E-1	5.31055E-5	3.27812E-1	-1.76267E-1
5.09955E-1	5.17311E-5	3.19328E-1	-1.68400E-1
4.99979E-1	5.04214E-5	3.11243E-1	-1.60926E-1
4.89966E-1	4.90127E-5	3.02548E-1	-1.53297E-1
4.79949E-1	4.77540E-5	2.94778E-1	-1.46306E-1
4.69978E-1	4.63492E-5	2.86106E-1	-1.39052E-1
4.59966E-1	4.50132E-5	2.77859E-1	-1.32167E-1
4.49954E-1	4.37114E-5	2.69823E-1	-1.25551E-1
4.39942E-1	4.24161E-5	2.61828E-1	-1.19120E-1
4.29968E-1	4.12499E-5	2.54629E-1	-1.13219E-1
4.19956E-1	3.99247E-5	2.46449E-1	-1.07030E-1
4.09948E-1	3.86778E-5	2.38752E-1	-1.01216E-1
3.99971E-1	3.73620E-5	2.30630E-1	-9.53931E-2
3.89962E-1	3.61547E-5	2.23177E-1	-9.00006E-2
3.79952E-1	3.49026E-5	2.15448E-1	-8.46535E-2
3.69940E-1	3.36610E-5	2.07784E-1	-7.94908E-2
3.59962E-1	3.25022E-5	2.00631E-1	-7.46841E-2
3.49955E-1	3.13145E-5	1.93299E-1	-6.99546E-2
3.39938E-1	3.02158E-5	1.86517E-1	-6.55681E-2
3.29962E-1	2.90525E-5	1.79336E-1	-6.11936E-2
3.19953E-1	2.78884E-5	1.72151E-1	-5.69598E-2
3.09931E-1	2.67889E-5	1.65364E-1	-5.30003E-2
2.99956E-1	2.56462E-5	1.58310E-1	-4.91065E-2
2.89944E-1	2.45903E-5	1.51792E-1	-4.55131E-2
2.79933E-1	2.35451E-5	1.45340E-1	-4.20739E-2
2.69926E-1	2.24832E-5	1.38785E-1	-3.87402E-2
2.59951E-1	2.14344E-5	1.32311E-1	-3.55682E-2
2.49938E-1	2.04602E-5	1.26298E-1	-3.26438E-2
2.39924E-1	1.94437E-5	1.20023E-1	-2.97791E-2
2.29950E-1	1.84676E-5	1.13998E-1	-2.71083E-2
2.19936E-1	1.74994E-5	1.08021E-1	-2.45685E-2
2.09925E-1	1.65987E-5	1.02461E-1	-2.22432E-2
1.99943E-1	1.56526E-5	9.66210E-2	-1.99780E-2
1.89930E-1	1.47489E-5	9.10426E-2	-1.78818E-2
1.79920E-1	1.38765E-5	8.56574E-2	-1.59374E-2
1.69908E-1	1.29640E-5	8.00247E-2	-1.40608E-2
1.59931E-1	1.21070E-5	7.47346E-2	-1.23603E-2
1.49919E-1	1.12510E-5	6.94506E-2	-1.07673E-2
1.39905E-1	1.04017E-5	6.42080E-2	-9.28958E-3
1.29925E-1	9.59444E-6	5.92249E-2	-7.95739E-3
1.19912E-1	8.78064E-6	5.42015E-2	-6.72121E-3
1.09903E-1	8.01453E-6	4.94724E-2	-5.62272E-3
9.99289E-2	7.21792E-6	4.45551E-2	-4.60428E-3
8.99150E-2	6.46940E-6	3.99346E-2	-3.71325E-3
7.99062E-2	5.72424E-6	3.53348E-2	-2.91983E-3
6.98955E-2	4.98686E-6	3.07831E-2	-2.22503E-3
5.99182E-2	4.25423E-6	2.62607E-2	-1.62719E-3
4.99041E-2	3.53451E-6	2.18180E-2	-1.12596E-3
3.98879E-2	2.81742E-6	1.73915E-2	-7.17383E-4
2.99149E-2	2.11594E-6	1.30614E-2	-4.04063E-4
1.99027E-2	1.41616E-6	8.74173E-3	-1.79921E-4
9.88960E-3	7.22129E-7	4.45759E-3	-4.55882E-5
-8.39233E-5	3.14685E-8	1.94250E-4	1.68584E-8
-1.01907E-2	-6.65480E-7	-4.10790E-3	-4.32910E-5
-2.02048E-2	-1.35557E-6	-8.36772E-3	-1.74838E-4
-3.02165E-2	-2.04397E-6	-1.26171E-2	-3.94255E-4
-4.01917E-2	-2.74078E-6	-1.69184E-2	-7.03184E-4
-5.02031E-2	-3.44204E-6	-2.12472E-2	-1.10307E-3
-6.02195E-2	-4.15100E-6	-2.56235E-2	-1.59569E-3
-7.02274E-2	-4.87746E-6	-3.01078E-2	-2.18655E-3
-8.02007E-2	-5.60932E-6	-3.46254E-2	-2.87175E-3
-9.02090E-2	-6.34238E-6	-3.91505E-2	-3.65225E-3
-1.00223E-1	-7.08402E-6	-4.37285E-2	-4.53216E-3
-1.10234E-1	-7.83102E-6	-4.83396E-2	-5.51052E-3
-1.20214E-1	-8.59611E-6	-5.30624E-2	-6.59653E-3
-1.30221E-1	-9.39400E-6	-5.79877E-2	-7.80890E-3
-1.40230E-1	-1.01989E-5	-6.29562E-2	-9.12962E-3
-1.50203E-1	-1.10130E-5	-6.79815E-2	-1.05595E-2
-1.60216E-1	-1.18190E-5	-7.29568E-2	-1.20877E-2
-1.70231E-1	-1.26544E-5	-7.81136E-2	-1.37511E-2
-1.80242E-1	-1.35040E-5	-8.33580E-2	-1.55373E-2
-1.90217E-1	-1.43504E-5	-8.85827E-2	-1.74250E-2
-2.00227E-1	-1.52935E-5	-9.44043E-2	-1.95474E-2
-2.10241E-1	-1.61964E-5	-9.99778E-2	-2.17367E-2
-2.20252E-1	-1.71126E-5	-1.05633E-1	-2.40599E-2
-2.30227E-1	-1.80375E-5	-1.11343E-1	-2.65089E-2
-2.40238E-1	-1.89903E-5	-1.17224E-1	-2.91227E-2
-2.50247E-1	-1.99494E-5	-1.23144E-1	-3.18682E-2
-2.60223E-1	-2.09535E-5	-1.29343E-1	-3.48065E-2
-2.70230E-1	-2.19615E-5	-1.35565E-1	-3.78838E-2
-2.80242E-1	-2.29835E-5	-1.41873E-1	-4.11157E-2
-2.90253E-1	-2.41172E-5	-1.48872E-1	-4.46850E-2
-3.00229E-1	-2.50869E-5	-1.54857E-1	-4.80793E-2
-3.10239E-1	-2.61340E-5	-1.61321E-1	-5.17560E-2
-3.20250E-1	-2.72117E-5	-1.67973E-1	-5.56293E-2
-3.30263E-1	-2.83759E-5	-1.75160E-1	-5.98230E-2
-3.40237E-1	-2.94336E-5	-1.81689E-1	-6.39269E-2
-3.50249E-1	-3.05713E-5	-1.88712E-1	-6.83517E-2
-3.60260E-1	-3.18194E-5	-1.96416E-1	-7.31756E-2
-3.70236E-1	-3.29770E-5	-2.03562E-1	-7.79378E-2
-3.80252E-1	-3.41092E-5	-2.10551E-1	-8.27945E-2
-3.90261E-1	-3.53474E-5	-2.18194E-1	-8.80585E-2
-4.00272E-1	-3.64651E-5	-2.25093E-1	-9.31732E-2
-4.10243E-1	-3.77017E-5	-2.32727E-1	-9.87326E-2
-4.20256E-1	-3.89054E-5	-2.40157E-1	-1.04372E-1
-4.30261E-1	-4.02972E-5	-2.48748E-1	-1.10679E-1
-4.40273E-1	-4.15566E-5	-2.56522E-1	-1.16794E-1
-4.50246E-1	-4.30171E-5	-2.65538E-1	-1.23637E-1
-4.60261E-1	-4.43345E-5	-2.73670E-1	-1.30258E-1
-4.70273E-1	-4.57434E-5	-2.82367E-1	-1.37321E-1
-4.80247E-1	-4.70699E-5	-2.90555E-1	-1.44300E-1
-4.90258E-1	-4.86437E-5	-3.00270E-1	-1.52233E-1
-5.00275E-1	-5.01277E-5	-3.09430E-1	-1.60083E-1
-5.10284E-1	-5.17577E-5	-3.19492E-1	-1.68595E-1
-5.20254E-1	-5.33478E-5	-3.29307E-1	-1.77170E-1
-5.30265E-1	-5.50768E-5	-3.39980E-1	-1.86432E-1
-5.40275E-1	-5.70958E-5	-3.52443E-1	-1.96914E-1
-5.50291E-1	-5.93099E-5	-3.66110E-1	-2.08343E-1
-5.60264E-1	-6.15176E-5	-3.79738E-1	-2.20014E-1
-5.70273E-1	-6.41041E-5	-3.95704E-1	-2.33360E-1
-5.80283E-1	-6.69886E-5	-4.13510E-1	-2.48141E-1
-5.90293E-1	-7.02170E-5	-4.33438E-1	-2.64587E-1
-6.00268E-1	-7.41920E-5	-4.57975E-1	-2.84289E-1
-6.10281E-1	-7.89015E-5	-4.87046E-1	-3.07379E-1
-6.20294E-1	-8.47962E-5	-5.23433E-1	-3.35763E-1
-6.30269E-1	-9.18387E-5	-5.66906E-1	-3.69496E-1
-6.40280E-1	-1.00898E-4	-6.22827E-1	-4.12393E-1
-6.50293E-1	-1.12056E-4	-6.91704E-1	-4.65160E-1
-6.60304E-1	-1.26206E-4	-7.79049E-1	-5.31964E-1
-6.70280E-1	-1.43903E-4	-8.88290E-1	-6.15722E-1
-6.80289E-1	-1.66293E-4	-1.02650E+0	-7.22148E-1
-6.90300E-1	-1.94321E-4	-1.19951E+0	-8.56281E-1
-7.00306E-1	-2.28950E-4	-1.41327E+0	-1.02350E+0
-7.10283E-1	-2.71300E-4	-1.67469E+0	-1.23010E+0
-7.20294E-1	-3.22409E-4	-1.99018E+0	-1.48243E+0
-7.30304E-1	-3.82989E-4	-2.36413E+0	-1.78545E+0
-7.40277E-1	-4.53484E-4	-2.79928E+0	-2.14296E+0
-7.50290E-1	-5.34520E-4	-3.29951E+0	-2.56007E+0
-7.60303E-1	-6.26037E-4	-3.86443E+0	-3.03840E+0
-7.70312E-1	-7.27740E-4	-4.49222E+0	-3.57850E+0
-7.80284E-1	-8.38840E-4	-5.17802E+0	-4.17821E+0
-7.90296E-1	-9.59748E-4	-5.92437E+0	-4.84179E+0
-8.00306E-1	-1.08626E-3	-6.70531E+0	-5.54943E+0
-8.10316E-1	-1.22398E-3	-7.55543E+0	-6.33122E+0
-8.20292E-1	-1.36846E-3	-8.44728E+0	-7.16571E+0
-8.30300E-1	-1.52022E-3	-9.38407E+0	-8.05749E+0
-8.40309E-1	-1.67809E-3	-1.03586E+1	-9.00146E+0
-8.50284E-1	-1.84105E-3	-1.13645E+1	-9.99282E+0
-8.60291E-1	-2.00976E-3	-1.24059E+1	-1.10369E+1
-8.70305E-1	-2.18325E-3	-1.34769E+1	-1.21292E+1
-8.80313E-1	-2.36076E-3	-1.45726E+1	-1.32662E+1
-8.90289E-1	-2.54174E-3	-1.56898E+1	-1.44451E+1
-9.00298E-1	-2.72685E-3	-1.68324E+1	-1.56713E+1
-9.10309E-1	-2.91522E-3	-1.79952E+1	-1.69402E+1
-9.20318E-1	-3.10666E-3	-1.91769E+1	-1.82511E+1
-9.30298E-1	-3.30024E-3	-2.03719E+1	-1.95986E+1
-9.40311E-1	-3.49706E-3	-2.15868E+1	-2.09910E+1
-9.50322E-1	-3.69611E-3	-2.28155E+1	-2.24220E+1
-9.60296E-1	-3.89662E-3	-2.40532E+1	-2.38865E+1
-9.70306E-1	-4.09998E-3	-2.53085E+1	-2.53950E+1
-9.80318E-1	-4.30517E-3	-2.65751E+1	-2.69411E+1
-9.90329E-1	-4.51210E-3	-2.78525E+1	-2.85244E+1
-1.00030E+0	-4.71995E-3	-2.91355E+1	-3.01388E+1
-1.01031E+0	-4.93010E-3	-3.04327E+1	-3.17957E+1
