1.01010E+0	2.31111E-7	1.42661E-3	-1.42675E-3
1.00010E+0	2.69608E-7	1.66425E-3	-1.64793E-3
9.90103E-1	2.06454E-7	1.27441E-3	-1.24930E-3
9.80071E-1	2.99036E-7	1.84590E-3	-1.79120E-3
9.70096E-1	7.60130E-6	4.69216E-2	-4.50678E-2
9.60077E-1	9.82860E-6	6.06704E-2	-5.76715E-2
9.50085E-1	2.89200E-6	1.78519E-2	-1.67928E-2
9.40106E-1	2.62037E-6	1.61751E-2	-1.50558E-2
9.30099E-1	1.25362E-6	7.73840E-3	-7.12621E-3
9.20099E-1	1.08740E-6	6.71235E-3	-6.11487E-3
9.10101E-1	1.67290E-6	1.03265E-2	-9.30515E-3
9.00101E-1	1.37167E-6	8.46710E-3	-7.54579E-3
8.90106E-1	1.20701E-6	7.45068E-3	-6.56623E-3
8.80105E-1	1.11198E-6	6.86407E-3	-5.98129E-3
8.70070E-1	1.13026E-6	6.97691E-3	-6.01030E-3
8.60073E-1	1.25936E-6	7.77383E-3	-6.61986E-3
8.50074E-1	1.02742E-6	6.34210E-3	-5.33787E-3
8.40072E-1	1.00751E-6	6.21920E-3	-5.17285E-3
8.30071E-1	1.04407E-6	6.44488E-3	-5.29674E-3
8.20068E-1	1.05274E-6	6.49840E-3	-5.27636E-3
8.10067E-1	9.60241E-7	5.92741E-3	-4.75406E-3
8.00068E-1	9.03048E-7	5.57437E-3	-4.41572E-3
7.90071E-1	8.76502E-7	5.41051E-3	-4.23236E-3
7.80059E-1	9.27047E-7	5.72251E-3	-4.41970E-3
7.70060E-1	9.08091E-7	5.60550E-3	-4.27383E-3
7.60060E-1	8.61333E-7	5.31687E-3	-4.00113E-3
7.50061E-1	9.31944E-7	5.75274E-3	-4.27218E-3
7.40063E-1	1.01052E-6	6.23778E-3	-4.57064E-3
7.30066E-1	1.03097E-6	6.36401E-3	-4.60015E-3
7.20060E-1	9.99965E-7	6.17262E-3	-4.40065E-3
7.10061E-1	9.98774E-7	6.16527E-3	-4.33438E-3
7.00064E-1	1.03129E-6	6.36599E-3	-4.41247E-3
6.90063E-1	1.08848E-6	6.71901E-3	-4.59064E-3
6.80067E-1	1.21840E-6	7.52099E-3	-5.06413E-3
6.70062E-1	1.21257E-6	7.48500E-3	-4.96576E-3
6.60063E-1	1.11518E-6	6.88383E-3	-4.49877E-3
6.50064E-1	1.00600E-6	6.20988E-3	-3.99685E-3
6.40064E-1	8.90404E-7	5.49632E-3	-3.48317E-3
6.30057E-1	8.96613E-7	5.53465E-3	-3.45262E-3
6.20059E-1	8.80924E-7	5.43780E-3	-3.33837E-3
6.10060E-1	7.12201E-7	4.39630E-3	-2.65545E-3
6.00055E-1	7.43021E-7	4.58655E-3	-2.72493E-3
5.90055E-1	7.90587E-7	4.88017E-3	-2.85106E-3
5.80058E-1	7.19052E-7	4.43859E-3	-2.54915E-3
5.70064E-1	7.55483E-7	4.66348E-3	-2.63216E-3
5.60063E-1	8.17478E-7	5.04616E-3	-2.79819E-3
5.50064E-1	7.51005E-7	4.63583E-3	-2.52476E-3
5.40068E-1	7.12242E-7	4.39656E-3	-2.35093E-3
5.30067E-1	6.58603E-7	4.06545E-3	-2.13362E-3
5.20061E-1	6.59546E-7	4.07127E-3	-2.09635E-3
5.10060E-1	6.81330E-7	4.20574E-3	-2.12394E-3
5.00064E-1	6.30493E-7	3.89193E-3	-1.92695E-3
4.90059E-1	4.59897E-7	2.83887E-3	-1.37744E-3
4.80061E-1	4.81515E-7	2.97231E-3	-1.41276E-3
4.70062E-1	4.78572E-7	2.95415E-3	-1.37488E-3
4.60060E-1	4.96983E-7	3.06780E-3	-1.39740E-3
4.50057E-1	4.78225E-7	2.95201E-3	-1.31542E-3
4.40058E-1	4.94998E-7	3.05554E-3	-1.33130E-3
4.30057E-1	4.91211E-7	3.03217E-3	-1.29109E-3
4.20058E-1	4.88335E-7	3.01441E-3	-1.25369E-3
4.10058E-1	4.68135E-7	2.88972E-3	-1.17322E-3
4.00061E-1	4.61589E-7	2.84931E-3	-1.12861E-3
3.90065E-1	4.76927E-7	2.94399E-3	-1.13698E-3
3.80061E-1	4.75452E-7	2.93489E-3	-1.10439E-3
3.70060E-1	4.42407E-7	2.73091E-3	-1.00059E-3
3.60059E-1	4.45708E-7	2.75128E-3	-9.80816E-4
3.50062E-1	4.30242E-7	2.65581E-3	-9.20495E-4
3.40054E-1	4.41406E-7	2.72473E-3	-9.17381E-4
3.30057E-1	4.35271E-7	2.68686E-3	-8.78036E-4
3.20060E-1	4.13605E-7	2.55312E-3	-8.09060E-4
3.10058E-1	4.18222E-7	2.58162E-3	-7.92526E-4
3.00054E-1	4.20288E-7	2.59437E-3	-7.70744E-4
2.90054E-1	4.16975E-7	2.57392E-3	-7.39184E-4
2.80057E-1	4.02499E-7	2.48456E-3	-6.88930E-4
2.70058E-1	3.88423E-7	2.39767E-3	-6.41100E-4
2.60058E-1	4.00379E-7	2.47148E-3	-6.36363E-4
2.50061E-1	4.07162E-7	2.51335E-3	-6.22267E-4
2.40059E-1	4.01214E-7	2.47663E-3	-5.88651E-4
2.30056E-1	4.07843E-7	2.51755E-3	-5.73443E-4
2.20056E-1	4.00938E-7	2.47493E-3	-5.39230E-4
2.10053E-1	3.93911E-7	2.43155E-3	-5.05697E-4
2.00047E-1	3.96724E-7	2.44891E-3	-4.85047E-4
1.90051E-1	3.92898E-7	2.42530E-3	-4.56366E-4
1.80051E-1	3.91838E-7	2.41875E-3	-4.31187E-4
1.70054E-1	3.91695E-7	2.41787E-3	-4.07098E-4
1.60050E-1	3.92916E-7	2.42541E-3	-3.84343E-4
1.50052E-1	3.80869E-7	2.35104E-3	-3.49286E-4
1.40054E-1	3.88384E-7	2.39743E-3	-3.32446E-4
1.30054E-1	3.84392E-7	2.37279E-3	-3.05535E-4
1.20054E-1	3.82020E-7	2.35815E-3	-2.80302E-4
1.10054E-1	3.92117E-7	2.42048E-3	-2.63746E-4
1.00055E-1	3.65503E-7	2.25619E-3	-2.23508E-4
9.00536E-2	3.62156E-7	2.23553E-3	-1.99324E-4
8.00557E-2	3.68822E-7	2.27668E-3	-1.80457E-4
7.00569E-2	3.63241E-7	2.24223E-3	-1.55528E-4
6.00574E-2	3.61021E-7	2.22852E-3	-1.32514E-4
5.00472E-2	3.61207E-7	2.22967E-3	-1.10484E-4
4.00507E-2	3.58246E-7	2.21140E-3	-8.76910E-5
3.00522E-2	3.42905E-7	2.11670E-3	-6.29816E-5
2.00503E-2	3.44033E-7	2.12366E-3	-4.21584E-5
1.00513E-2	3.47078E-7	2.14246E-3	-2.13213E-5
5.41210E-5	3.44940E-7	2.12926E-3	-1.14097E-7
-9.88221E-3	3.35847E-7	2.07313E-3	2.02843E-5
-1.98815E-2	3.34963E-7	2.06767E-3	4.07014E-5
-2.98836E-2	3.18403E-7	1.96545E-3	5.81532E-5
-3.98853E-2	3.17630E-7	1.96068E-3	7.74280E-5
-4.98860E-2	3.19727E-7	1.97362E-3	9.74814E-5
-5.98955E-2	3.19613E-7	1.97292E-3	1.16999E-4
-6.98943E-2	3.11891E-7	1.92525E-3	1.33232E-4
-7.98931E-2	3.01609E-7	1.86178E-3	1.47271E-4
-8.98871E-2	3.05500E-7	1.88580E-3	1.67831E-4
-9.98936E-2	3.04718E-7	1.88098E-3	1.86037E-4
-1.09893E-1	2.96411E-7	1.82970E-3	1.99080E-4
-1.19894E-1	3.19865E-7	1.97448E-3	2.34384E-4
-1.29893E-1	3.23965E-7	1.99978E-3	2.57186E-4
-1.39891E-1	3.01761E-7	1.86272E-3	2.57998E-4
-1.49889E-1	3.04018E-7	1.87665E-3	2.78505E-4
-1.59886E-1	3.02580E-7	1.86778E-3	2.95675E-4
-1.69892E-1	2.87414E-7	1.77416E-3	2.98431E-4
-1.79887E-1	2.88869E-7	1.78314E-3	3.17588E-4
-1.89891E-1	2.83512E-7	1.75007E-3	3.29033E-4
-1.99888E-1	2.89137E-7	1.78480E-3	3.53227E-4
-2.09895E-1	2.89526E-7	1.78720E-3	3.71410E-4
-2.19896E-1	2.87785E-7	1.77645E-3	3.86767E-4
-2.29896E-1	2.81845E-7	1.73978E-3	3.96009E-4
-2.39900E-1	2.82221E-7	1.74210E-3	4.13793E-4
-2.49897E-1	2.73239E-7	1.68666E-3	4.17318E-4
-2.59899E-1	2.76928E-7	1.70943E-3	4.39881E-4
-2.69898E-1	2.75219E-7	1.69888E-3	4.53985E-4
-2.79901E-1	2.79158E-7	1.72320E-3	4.77549E-4
-2.89897E-1	2.73848E-7	1.69042E-3	4.85196E-4
-2.99899E-1	2.81049E-7	1.73487E-3	5.15135E-4
-3.09896E-1	2.73956E-7	1.69109E-3	5.18872E-4
-3.19897E-1	2.70503E-7	1.66977E-3	5.28866E-4
-3.29898E-1	2.69669E-7	1.66462E-3	5.43719E-4
-3.39898E-1	2.66924E-7	1.64768E-3	5.54498E-4
-3.49906E-1	2.62486E-7	1.62028E-3	5.61334E-4
-3.59901E-1	2.54909E-7	1.57351E-3	5.60702E-4
-3.69900E-1	2.54463E-7	1.57076E-3	5.75271E-4
-3.79900E-1	2.52240E-7	1.55704E-3	5.85662E-4
-3.89903E-1	2.42709E-7	1.49820E-3	5.78370E-4
-3.99904E-1	2.39715E-7	1.47972E-3	5.85888E-4
-4.09896E-1	2.33202E-7	1.43952E-3	5.84211E-4
-4.19898E-1	2.28633E-7	1.41131E-3	5.86741E-4
-4.29895E-1	2.23634E-7	1.38046E-3	5.87576E-4
-4.39894E-1	2.19828E-7	1.35696E-3	5.91010E-4
-4.49893E-1	2.14239E-7	1.32246E-3	5.89076E-4
-4.59897E-1	2.10014E-7	1.29638E-3	5.90300E-4
-4.69899E-1	2.02296E-7	1.24874E-3	5.80972E-4
-4.79896E-1	1.92993E-7	1.19131E-3	5.66047E-4
-4.89896E-1	1.88503E-7	1.16360E-3	5.64398E-4
-4.99903E-1	1.81908E-7	1.12289E-3	5.55778E-4
-5.09898E-1	1.76955E-7	1.09231E-3	5.51455E-4
-5.19901E-1	1.72332E-7	1.06378E-3	5.47583E-4
-5.29899E-1	1.70884E-7	1.05484E-3	5.53424E-4
-5.39904E-1	1.63617E-7	1.00998E-3	5.39894E-4
-5.49904E-1	1.58519E-7	9.78512E-4	5.32760E-4
-5.59903E-1	1.52804E-7	9.43235E-4	5.22891E-4
-5.69901E-1	1.47147E-7	9.08315E-4	5.12524E-4
-5.79898E-1	1.39916E-7	8.63679E-4	4.95887E-4
-5.89897E-1	1.33864E-7	8.26321E-4	4.82618E-4
-5.99897E-1	1.28290E-7	7.91914E-4	4.70363E-4
-6.09903E-1	1.22881E-7	7.58525E-4	4.58046E-4
-6.19900E-1	1.17668E-7	7.26346E-4	4.45804E-4
-6.29899E-1	1.12450E-7	6.94136E-4	4.32906E-4
-6.39933E-1	1.08585E-7	6.70278E-4	4.24686E-4
-6.49940E-1	1.03185E-7	6.36944E-4	4.09877E-4
-6.59940E-1	8.12770E-8	5.01710E-4	3.27820E-4
-6.69938E-1	7.59467E-8	4.68807E-4	3.10962E-4
-6.79946E-1	7.07750E-8	4.36883E-4	2.94116E-4
-6.89947E-1	6.63554E-8	4.09601E-4	2.79805E-4
-6.99949E-1	6.20539E-8	3.83049E-4	2.65460E-4
-7.09950E-1	5.72182E-8	3.53199E-4	2.48271E-4
-7.19950E-1	5.30761E-8	3.27630E-4	2.33542E-4
-7.29947E-1	4.84056E-8	2.98800E-4	2.15949E-4
-7.39951E-1	4.42567E-8	2.73190E-4	2.00145E-4
-7.49952E-1	4.02045E-8	2.48176E-4	1.84277E-4
-7.59956E-1	3.60921E-8	2.22791E-4	1.67635E-4
-7.69952E-1	3.23671E-8	1.99797E-4	1.52311E-4
-7.79952E-1	2.87473E-8	1.77452E-4	1.37034E-4
-7.89963E-1	2.49920E-8	1.54272E-4	1.20662E-4
-7.99964E-1	2.14863E-8	1.32631E-4	1.05050E-4
-8.09965E-1	1.80154E-8	1.11206E-4	8.91813E-5
-8.19964E-1	1.47088E-8	9.07951E-5	7.37116E-5
-8.29973E-1	1.18847E-8	7.33623E-5	6.02859E-5
-8.39976E-1	3.41599E-9	2.10864E-5	1.75367E-5
-8.50015E-1	-8.45862E-8	-5.22137E-4	-4.39430E-4
-8.60013E-1	-8.50646E-8	-5.25090E-4	-4.47113E-4
-8.70012E-1	-8.47479E-8	-5.23135E-4	-4.50628E-4
-8.80018E-1	-8.56751E-8	-5.28859E-4	-4.60797E-4
-8.90013E-1	-8.58213E-8	-5.29761E-4	-4.66826E-4
-9.00014E-1	-8.55404E-8	-5.28027E-4	-4.70527E-4
-9.10009E-1	-8.59497E-8	-5.30554E-4	-4.78028E-4
-9.20011E-1	-8.63145E-8	-5.32806E-4	-4.85334E-4
-9.30012E-1	-8.69099E-8	-5.36481E-4	-4.93994E-4
-9.40017E-1	-8.74616E-8	-5.39886E-4	-5.02478E-4
-9.50008E-1	-8.83340E-8	-5.45272E-4	-5.12884E-4
-9.60005E-1	-8.84758E-8	-5.46147E-4	-5.19113E-4
-9.70010E-1	-8.88716E-8	-5.48590E-4	-5.26869E-4
-9.80009E-1	-8.94035E-8	-5.51873E-4	-5.35486E-4
-9.90010E-1	-8.92217E-8	-5.50751E-4	-5.39851E-4
-1.00001E+0	-8.99020E-8	-5.54951E-4	-5.49462E-4
-1.01001E+0	-9.03060E-8	-5.57444E-4	-5.57450E-4
