1.00999E+0	3.96214E-3	2.44577E+1	-2.49515E+1
9.99990E-1	3.95147E-3	2.43918E+1	-2.46379E+1
9.89988E-1	3.97255E-3	2.45219E+1	-2.45216E+1
9.79988E-1	3.95803E-3	2.44323E+1	-2.41852E+1
9.69992E-1	3.96767E-3	2.44918E+1	-2.39968E+1
9.59988E-1	3.97277E-3	2.45233E+1	-2.37798E+1
9.49986E-1	3.96721E-3	2.44890E+1	-2.34992E+1
9.39987E-1	3.96966E-3	2.45041E+1	-2.32662E+1
9.29980E-1	3.96029E-3	2.44462E+1	-2.29642E+1
9.19982E-1	3.95040E-3	2.43852E+1	-2.26605E+1
9.09981E-1	3.95889E-3	2.44376E+1	-2.24624E+1
8.99983E-1	3.94979E-3	2.43814E+1	-2.21645E+1
8.89981E-1	3.95981E-3	2.44433E+1	-2.19738E+1
8.79982E-1	3.95215E-3	2.43960E+1	-2.16849E+1
8.69947E-1	3.94977E-3	2.43813E+1	-2.14247E+1
8.59946E-1	3.95803E-3	2.44323E+1	-2.12227E+1
8.49947E-1	3.94878E-3	2.43752E+1	-2.09269E+1
8.39947E-1	3.94155E-3	2.43306E+1	-2.06428E+1
8.29947E-1	3.94670E-3	2.43623E+1	-2.04237E+1
8.19943E-1	3.94859E-3	2.43740E+1	-2.01872E+1
8.09948E-1	3.93786E-3	2.43078E+1	-1.98869E+1
7.99947E-1	3.94867E-3	2.43745E+1	-1.96953E+1
7.89949E-1	3.94051E-3	2.43241E+1	-1.94089E+1
7.79940E-1	3.94754E-3	2.43675E+1	-1.91972E+1
7.69941E-1	3.94993E-3	2.43823E+1	-1.89625E+1
7.59942E-1	3.93936E-3	2.43170E+1	-1.86662E+1
7.49941E-1	3.94453E-3	2.43490E+1	-1.84447E+1
7.39935E-1	3.93409E-3	2.42845E+1	-1.81505E+1
7.29935E-1	3.93338E-3	2.42801E+1	-1.79019E+1
7.19938E-1	3.93612E-3	2.42970E+1	-1.76691E+1
7.09937E-1	3.93174E-3	2.42700E+1	-1.74042E+1
6.99935E-1	3.93795E-3	2.43083E+1	-1.71861E+1
6.89934E-1	3.94584E-3	2.43570E+1	-1.69745E+1
6.79937E-1	3.93384E-3	2.42830E+1	-1.66777E+1
6.69931E-1	3.92207E-3	2.42103E+1	-1.63831E+1
6.59932E-1	3.92654E-3	2.42379E+1	-1.61569E+1
6.49935E-1	3.93456E-3	2.42874E+1	-1.59447E+1
6.39936E-1	3.92933E-3	2.42551E+1	-1.56785E+1
6.29930E-1	3.92441E-3	2.42248E+1	-1.54140E+1
6.19928E-1	3.92961E-3	2.42569E+1	-1.51894E+1
6.09931E-1	3.92766E-3	2.42448E+1	-1.49370E+1
5.99928E-1	3.91377E-3	2.41591E+1	-1.46401E+1
5.89929E-1	3.92374E-3	2.42206E+1	-1.44328E+1
5.79930E-1	3.91796E-3	2.41849E+1	-1.41672E+1
5.69932E-1	3.90570E-3	2.41093E+1	-1.38794E+1
5.59933E-1	3.90803E-3	2.41236E+1	-1.36441E+1
5.49937E-1	3.90393E-3	2.40983E+1	-1.33864E+1
5.39935E-1	3.89976E-3	2.40726E+1	-1.31289E+1
5.29938E-1	3.90264E-3	2.40904E+1	-1.28954E+1
5.19934E-1	3.91023E-3	2.41372E+1	-1.26765E+1
5.09941E-1	3.89149E-3	2.40215E+1	-1.23733E+1
4.99942E-1	3.89466E-3	2.40411E+1	-1.21406E+1
4.89934E-1	3.89254E-3	2.40280E+1	-1.18911E+1
4.79938E-1	3.88398E-3	2.39752E+1	-1.16228E+1
4.69938E-1	3.90100E-3	2.40802E+1	-1.14305E+1
4.59938E-1	3.88316E-3	2.39701E+1	-1.11361E+1
4.49934E-1	3.87660E-3	2.39296E+1	-1.08755E+1
4.39937E-1	3.88565E-3	2.39855E+1	-1.06587E+1
4.29937E-1	3.88556E-3	2.39849E+1	-1.04162E+1
4.19939E-1	3.88521E-3	2.39828E+1	-1.01730E+1
4.09937E-1	3.88191E-3	2.39624E+1	-9.92230E+0
3.99941E-1	3.87119E-3	2.38962E+1	-9.65362E+0
3.89941E-1	3.87236E-3	2.39035E+1	-9.41509E+0
3.79936E-1	3.87773E-3	2.39366E+1	-9.18624E+0
3.69935E-1	3.86613E-3	2.38650E+1	-8.91768E+0
3.59940E-1	3.87288E-3	2.39067E+1	-8.69188E+0
3.49938E-1	3.86073E-3	2.38317E+1	-8.42384E+0
3.39934E-1	3.87046E-3	2.38917E+1	-8.20365E+0
3.29936E-1	3.86474E-3	2.38564E+1	-7.95060E+0
3.19936E-1	3.85967E-3	2.38251E+1	-7.69951E+0
3.09931E-1	3.87460E-3	2.39173E+1	-7.48758E+0
2.99932E-1	3.86536E-3	2.38602E+1	-7.22874E+0
2.89929E-1	3.85267E-3	2.37819E+1	-6.96471E+0
2.79932E-1	3.86130E-3	2.38352E+1	-6.73963E+0
2.69933E-1	3.84807E-3	2.37535E+1	-6.47662E+0
2.59932E-1	3.85324E-3	2.37854E+1	-6.24505E+0
2.49934E-1	3.85084E-3	2.37706E+1	-6.00110E+0
2.39932E-1	3.84137E-3	2.37122E+1	-5.74677E+0
2.29929E-1	3.85489E-3	2.37956E+1	-5.52657E+0
2.19930E-1	3.84054E-3	2.37070E+1	-5.26655E+0
2.09929E-1	3.84483E-3	2.37335E+1	-5.03268E+0
1.99924E-1	3.84502E-3	2.37347E+1	-4.79307E+0
1.89923E-1	3.83637E-3	2.36813E+1	-4.54305E+0
1.79923E-1	3.83889E-3	2.36969E+1	-4.30668E+0
1.69926E-1	3.83383E-3	2.36656E+1	-4.06202E+0
1.59923E-1	3.82796E-3	2.36294E+1	-3.81705E+0
1.49922E-1	3.83894E-3	2.36972E+1	-3.58861E+0
1.39924E-1	3.82740E-3	2.36259E+1	-3.33923E+0
1.29925E-1	3.82039E-3	2.35827E+1	-3.09493E+0
1.19926E-1	3.81341E-3	2.35396E+1	-2.85152E+0
1.09929E-1	3.80841E-3	2.35087E+1	-2.61039E+0
9.99312E-2	3.81026E-3	2.35201E+1	-2.37414E+0
8.99279E-2	3.80194E-3	2.34688E+1	-2.13181E+0
7.99301E-2	3.80990E-3	2.35179E+1	-1.89878E+0
6.99329E-2	3.80064E-3	2.34607E+1	-1.65725E+0
5.99306E-2	3.79189E-3	2.34067E+1	-1.41695E+0
4.99244E-2	3.79295E-3	2.34133E+1	-1.18070E+0
3.99263E-2	3.78152E-3	2.33427E+1	-9.41402E-1
2.99253E-2	3.78113E-3	2.33403E+1	-7.05521E-1
1.99246E-2	3.79074E-3	2.33996E+1	-4.70938E-1
9.92489E-3	3.77566E-3	2.33065E+1	-2.33651E-1
-7.53403E-5	3.78094E-3	2.33391E+1	1.77614E-3
-9.94301E-3	3.76400E-3	2.32346E+1	2.33355E-1
-1.99449E-2	3.76150E-3	2.32191E+1	4.67781E-1
-2.99466E-2	3.76599E-3	2.32469E+1	7.03196E-1
-3.99449E-2	3.75694E-3	2.31910E+1	9.35719E-1
-4.99439E-2	3.76613E-3	2.32477E+1	1.17281E+0
-5.99501E-2	3.75722E-3	2.31927E+1	1.40445E+0
-6.99506E-2	3.74072E-3	2.30909E+1	1.63154E+0
-7.99515E-2	3.74400E-3	2.31111E+1	1.86643E+0
-8.99489E-2	3.73944E-3	2.30830E+1	2.09726E+0
-9.99525E-2	3.72991E-3	2.30241E+1	2.32457E+0
-1.09952E-1	3.72533E-3	2.29959E+1	2.55398E+0
-1.19950E-1	3.71049E-3	2.29043E+1	2.77512E+0
-1.29954E-1	3.71304E-3	2.29200E+1	3.00863E+0
-1.39949E-1	3.70783E-3	2.28878E+1	3.23549E+0
-1.49948E-1	3.70135E-3	2.28478E+1	3.46059E+0
-1.59951E-1	3.70606E-3	2.28769E+1	3.69615E+0
-1.69956E-1	3.68465E-3	2.27448E+1	3.90465E+0
-1.79956E-1	3.68271E-3	2.27328E+1	4.13222E+0
-1.89956E-1	3.68071E-3	2.27204E+1	4.35948E+0
-1.99952E-1	3.67154E-3	2.26638E+1	4.57745E+0
-2.09961E-1	3.65867E-3	2.25844E+1	4.78974E+0
-2.19961E-1	3.66332E-3	2.26131E+1	5.02424E+0
-2.29950E-1	3.64098E-3	2.24752E+1	5.22037E+0
-2.39955E-1	3.62619E-3	2.23839E+1	5.42538E+0
-2.49952E-1	3.63057E-3	2.24109E+1	5.65824E+0
-2.59953E-1	3.60192E-3	2.22341E+1	5.83820E+0
-2.69953E-1	3.59864E-3	2.22138E+1	6.05726E+0
-2.79951E-1	3.59461E-3	2.21890E+1	6.27456E+0
-2.89949E-1	3.57909E-3	2.20931E+1	6.47059E+0
-2.99949E-1	3.58261E-3	2.21149E+1	6.70034E+0
-3.09945E-1	3.56501E-3	2.20062E+1	6.88962E+0
-3.19951E-1	3.54495E-3	2.18824E+1	7.07202E+0
-3.29945E-1	3.54467E-3	2.18807E+1	7.29234E+0
-3.39947E-1	3.52124E-3	2.17360E+1	7.46374E+0
-3.49952E-1	3.51036E-3	2.16689E+1	7.65967E+0
-3.59952E-1	3.49271E-3	2.15599E+1	7.83893E+0
-3.69952E-1	3.47311E-3	2.14390E+1	8.01150E+0
-3.79952E-1	3.46734E-3	2.14033E+1	8.21438E+0
-3.89954E-1	3.44207E-3	2.12473E+1	8.36918E+0
-3.99953E-1	3.43378E-3	2.11962E+1	8.56310E+0
-4.09950E-1	3.41053E-3	2.10527E+1	8.71771E+0
-4.19954E-1	3.38903E-3	2.09199E+1	8.87415E+0
-4.29951E-1	3.36320E-3	2.07605E+1	9.01616E+0
-4.39949E-1	3.33537E-3	2.05887E+1	9.14947E+0
-4.49948E-1	3.31408E-3	2.04573E+1	9.29769E+0
-4.59948E-1	3.29068E-3	2.03128E+1	9.43722E+0
-4.69949E-1	3.26901E-3	2.01791E+1	9.57892E+0
-4.79948E-1	3.25107E-3	2.00683E+1	9.72905E+0
-4.89947E-1	3.21409E-3	1.98401E+1	9.81877E+0
-4.99952E-1	3.18689E-3	1.96722E+1	9.93448E+0
-5.09954E-1	3.15016E-3	1.94454E+1	1.00164E+1
-5.19957E-1	3.11245E-3	1.92127E+1	1.00907E+1
-5.29957E-1	3.08316E-3	1.90319E+1	1.01879E+1
-5.39961E-1	3.03612E-3	1.87415E+1	1.02219E+1
-5.49960E-1	2.99682E-3	1.84989E+1	1.02764E+1
-5.59957E-1	2.94999E-3	1.82098E+1	1.02997E+1
-5.69950E-1	2.89399E-3	1.78641E+1	1.02845E+1
-5.79949E-1	2.84204E-3	1.75435E+1	1.02771E+1
-5.89950E-1	2.79249E-3	1.72376E+1	1.02720E+1
-5.99947E-1	2.73156E-3	1.68615E+1	1.02182E+1
-6.09950E-1	2.66153E-3	1.64292E+1	1.01222E+1
-6.19945E-1	2.59517E-3	1.60196E+1	1.00316E+1
-6.29949E-1	2.51450E-3	1.55216E+1	9.87659E+0
-6.39981E-1	2.43467E-3	1.50288E+1	9.71532E+0
-6.49990E-1	2.34887E-3	1.44992E+1	9.51953E+0
-6.59987E-1	2.25062E-3	1.38927E+1	9.26163E+0
-6.69986E-1	2.15356E-3	1.32936E+1	8.99648E+0
-6.79993E-1	2.04006E-3	1.25930E+1	8.64962E+0
-6.89991E-1	1.91988E-3	1.18511E+1	8.25976E+0
-6.99990E-1	1.78982E-3	1.10483E+1	7.81180E+0
-7.09991E-1	1.65489E-3	1.02154E+1	7.32608E+0
-7.19990E-1	1.50798E-3	9.30852E+0	6.76974E+0
-7.29986E-1	1.35041E-3	8.33586E+0	6.14653E+0
-7.39987E-1	1.18554E-3	7.31815E+0	5.47003E+0
-7.49989E-1	1.00557E-3	6.20722E+0	4.70237E+0
-7.59986E-1	8.23392E-4	5.08267E+0	3.90177E+0
-7.69990E-1	6.27933E-4	3.87613E+0	3.01473E+0
-7.79987E-1	4.24962E-4	2.62322E+0	2.06675E+0
-7.89991E-1	2.14071E-4	1.32143E+0	1.05446E+0
-7.99972E-1	-8.48040E-6	-5.23481E-2	-4.23001E-2
-8.09999E-1	-2.39666E-4	-1.47942E+0	-1.21043E+0
-8.19995E-1	-4.76045E-4	-2.93855E+0	-2.43394E+0
-8.30000E-1	-7.18423E-4	-4.43471E+0	-3.71799E+0
-8.39995E-1	-9.70408E-4	-5.99017E+0	-5.08254E+0
-8.50000E-1	-1.22868E-3	-7.58444E+0	-6.51190E+0
-8.59998E-1	-1.49316E-3	-9.21704E+0	-8.00670E+0
-8.69998E-1	-1.76408E-3	-1.08894E+1	-9.56944E+0
-8.79997E-1	-2.03902E-3	-1.25865E+1	-1.11880E+1
-8.89997E-1	-2.32122E-3	-1.43285E+1	-1.28811E+1
-9.00000E-1	-2.60739E-3	-1.60950E+1	-1.46318E+1
-9.09997E-1	-2.89860E-3	-1.78926E+1	-1.64467E+1
-9.19993E-1	-3.19461E-3	-1.97198E+1	-1.83253E+1
-9.29990E-1	-3.49437E-3	-2.15702E+1	-2.02627E+1
-9.39996E-1	-3.79830E-3	-2.34463E+1	-2.22620E+1
-9.49993E-1	-4.10703E-3	-2.53520E+1	-2.43275E+1
-9.59994E-1	-4.41887E-3	-2.72770E+1	-2.64502E+1
-9.69998E-1	-4.73418E-3	-2.92233E+1	-2.86329E+1
-9.79996E-1	-5.05304E-3	-3.11916E+1	-3.08764E+1
-9.89994E-1	-5.37420E-3	-3.31741E+1	-3.31739E+1
-9.99993E-1	-5.69921E-3	-3.51803E+1	-3.55354E+1
-1.00999E+0	-6.02649E-3	-3.72006E+1	-3.79517E+1
