1.01001E+0	5.78606E-3	3.57164E+1	-3.73050E+1
1.00003E+0	3.70008E-3	2.28400E+1	-2.36202E+1
9.90018E-1	3.69903E-3	2.28335E+1	-2.33770E+1
9.80007E-1	3.69241E-3	2.27927E+1	-2.30992E+1
9.70031E-1	3.69927E-3	2.28350E+1	-2.29066E+1
9.60019E-1	3.68096E-3	2.27220E+1	-2.25579E+1
9.50009E-1	3.70122E-3	2.28470E+1	-2.24456E+1
9.40034E-1	3.68868E-3	2.27696E+1	-2.21347E+1
9.30018E-1	3.68709E-3	2.27598E+1	-2.18894E+1
9.20008E-1	3.67060E-3	2.26580E+1	-2.15569E+1
9.09995E-1	3.68025E-3	2.27176E+1	-2.13784E+1
9.00017E-1	3.66546E-3	2.26263E+1	-2.10590E+1
8.90005E-1	3.67291E-3	2.26723E+1	-2.08671E+1
8.79996E-1	3.67329E-3	2.26746E+1	-2.06345E+1
8.70019E-1	3.66870E-3	2.26463E+1	-2.03751E+1
8.60009E-1	3.67913E-3	2.27107E+1	-2.01979E+1
8.49995E-1	3.66123E-3	2.26002E+1	-1.98656E+1
8.39989E-1	3.66893E-3	2.26477E+1	-1.96730E+1
8.30012E-1	3.66737E-3	2.26381E+1	-1.94311E+1
8.20001E-1	3.67594E-3	2.26910E+1	-1.92416E+1
8.09991E-1	3.64230E-3	2.24833E+1	-1.88328E+1
8.00014E-1	3.66059E-3	2.25962E+1	-1.86942E+1
7.90003E-1	3.64373E-3	2.24922E+1	-1.83753E+1
7.79988E-1	3.65531E-3	2.25636E+1	-1.82000E+1
7.70014E-1	3.65208E-3	2.25437E+1	-1.79514E+1
7.60004E-1	3.65313E-3	2.25502E+1	-1.77231E+1
7.49993E-1	3.64624E-3	2.25077E+1	-1.74567E+1
7.39978E-1	3.65478E-3	2.25604E+1	-1.72639E+1
7.30002E-1	3.63183E-3	2.24187E+1	-1.69242E+1
7.19992E-1	3.64684E-3	2.25114E+1	-1.67611E+1
7.09982E-1	3.61665E-3	2.23250E+1	-1.63913E+1
7.00004E-1	3.62992E-3	2.24069E+1	-1.62202E+1
6.89993E-1	3.62933E-3	2.24033E+1	-1.59856E+1
6.79984E-1	3.64197E-3	2.24813E+1	-1.58086E+1
6.70011E-1	3.64102E-3	2.24754E+1	-1.55727E+1
6.59998E-1	3.64036E-3	2.24714E+1	-1.53372E+1
6.49987E-1	3.63579E-3	2.24431E+1	-1.50856E+1
6.39977E-1	3.60856E-3	2.22751E+1	-1.47420E+1
6.29996E-1	3.62038E-3	2.23480E+1	-1.45596E+1
6.19986E-1	3.60739E-3	2.22678E+1	-1.42769E+1
6.09977E-1	3.62161E-3	2.23556E+1	-1.41018E+1
6.00001E-1	3.60007E-3	2.22227E+1	-1.37886E+1
5.89985E-1	3.62059E-3	2.23493E+1	-1.36357E+1
5.79976E-1	3.59693E-3	2.22033E+1	-1.33168E+1
5.70004E-1	3.62282E-3	2.23631E+1	-1.31821E+1
5.59992E-1	3.60374E-3	2.22453E+1	-1.28823E+1
5.49983E-1	3.60735E-3	2.22676E+1	-1.26647E+1
5.39972E-1	3.62085E-3	2.23509E+1	-1.24807E+1
5.29994E-1	3.61347E-3	2.23054E+1	-1.22251E+1
5.19983E-1	3.61181E-3	2.22951E+1	-1.19887E+1
5.09974E-1	3.59231E-3	2.21748E+1	-1.16945E+1
5.00000E-1	3.60033E-3	2.22243E+1	-1.14913E+1
4.89986E-1	3.58199E-3	2.21110E+1	-1.12038E+1
4.79972E-1	3.59664E-3	2.22015E+1	-1.10197E+1
4.69996E-1	3.58405E-3	2.21238E+1	-1.07529E+1
4.59983E-1	3.58682E-3	2.21409E+1	-1.05320E+1
4.49970E-1	3.57931E-3	2.20945E+1	-1.02811E+1
4.39960E-1	3.58639E-3	2.21382E+1	-1.00723E+1
4.29988E-1	3.57839E-3	2.20888E+1	-9.82206E+0
4.19975E-1	3.59334E-3	2.21811E+1	-9.63341E+0
4.09965E-1	3.56940E-3	2.20333E+1	-9.34115E+0
3.99988E-1	3.57824E-3	2.20879E+1	-9.13640E+0
3.89975E-1	3.55762E-3	2.19606E+1	-8.85635E+0
3.79965E-1	3.57703E-3	2.20804E+1	-8.67610E+0
3.69952E-1	3.56922E-3	2.20322E+1	-8.42902E+0
3.59973E-1	3.58195E-3	2.21108E+1	-8.23091E+0
3.49957E-1	3.58203E-3	2.21113E+1	-8.00207E+0
3.39948E-1	3.55437E-3	2.19406E+1	-7.71318E+0
3.29971E-1	3.56188E-3	2.19869E+1	-7.50263E+0
3.19959E-1	3.55945E-3	2.19719E+1	-7.27002E+0
3.09942E-1	3.55494E-3	2.19441E+1	-7.03350E+0
2.99966E-1	3.57244E-3	2.20521E+1	-6.84062E+0
2.89956E-1	3.56305E-3	2.19941E+1	-6.59497E+0
2.79943E-1	3.54658E-3	2.18925E+1	-6.33779E+0
2.69934E-1	3.56678E-3	2.20172E+1	-6.14600E+0
2.59959E-1	3.54316E-3	2.18714E+1	-5.87969E+0
2.49947E-1	3.56173E-3	2.19860E+1	-5.68287E+0
2.39933E-1	3.54865E-3	2.19052E+1	-5.43515E+0
2.29958E-1	3.56174E-3	2.19860E+1	-5.22841E+0
2.19947E-1	3.55883E-3	2.19681E+1	-4.99671E+0
2.09933E-1	3.51836E-3	2.17183E+1	-4.71498E+0
1.99952E-1	3.54146E-3	2.18609E+1	-4.52029E+0
1.89940E-1	3.52907E-3	2.17844E+1	-4.27893E+0
1.79931E-1	3.53091E-3	2.17957E+1	-4.05556E+0
1.69918E-1	3.54317E-3	2.18714E+1	-3.84317E+0
1.59941E-1	3.56090E-3	2.19809E+1	-3.63562E+0
1.49925E-1	3.53796E-3	2.18393E+1	-3.38599E+0
1.39910E-1	3.53217E-3	2.18035E+1	-3.15463E+0
1.29936E-1	3.51661E-3	2.17075E+1	-2.91684E+0
1.19923E-1	3.52025E-3	2.17299E+1	-2.69485E+0
1.09914E-1	3.52934E-3	2.17860E+1	-2.47631E+0
9.99379E-2	3.53105E-3	2.17966E+1	-2.25264E+0
8.99253E-2	3.53745E-3	2.18361E+1	-2.03063E+0
7.99093E-2	3.52161E-3	2.17383E+1	-1.79638E+0
6.98996E-2	3.52213E-3	2.17415E+1	-1.57159E+0
5.99267E-2	3.50708E-3	2.16486E+1	-1.34160E+0
4.99115E-2	3.53569E-3	2.18252E+1	-1.12651E+0
3.98951E-2	3.52484E-3	2.17583E+1	-8.97672E-1
2.99211E-2	3.50585E-3	2.16410E+1	-6.69622E-1
1.99106E-2	3.51356E-3	2.16886E+1	-4.46571E-1
9.89914E-3	3.50727E-3	2.16498E+1	-2.21628E-1
-7.82013E-5	3.49986E-3	2.16041E+1	1.74712E-3
-1.01814E-2	3.50604E-3	2.16422E+1	2.27868E-1
-2.01964E-2	3.52205E-3	2.17410E+1	4.54075E-1
-3.02098E-2	3.49493E-3	2.15736E+1	6.73977E-1
-4.01833E-2	3.51341E-3	2.16877E+1	9.01224E-1
-5.01962E-2	3.51003E-3	2.16669E+1	1.12471E+0
-6.02133E-2	3.50885E-3	2.16596E+1	1.34870E+0
-7.02214E-2	3.48070E-3	2.14858E+1	1.56025E+0
-8.01959E-2	3.49779E-3	2.15913E+1	1.79062E+0
-9.02054E-2	3.49074E-3	2.15478E+1	2.01006E+0
-1.00214E-1	3.47505E-3	2.14509E+1	2.22304E+0
-1.10227E-1	3.49381E-3	2.15667E+1	2.45836E+0
-1.20203E-1	3.47829E-3	2.14709E+1	2.66894E+0
-1.30219E-1	3.47382E-3	2.14433E+1	2.88762E+0
-1.40229E-1	3.47440E-3	2.14469E+1	3.11011E+0
-1.50202E-1	3.46449E-3	2.13857E+1	3.32180E+0
-1.60212E-1	3.47669E-3	2.14610E+1	3.55565E+0
-1.70227E-1	3.48272E-3	2.14983E+1	3.78447E+0
-1.80240E-1	3.47013E-3	2.14206E+1	3.99260E+0
-1.90215E-1	3.47223E-3	2.14335E+1	4.21611E+0
-2.00227E-1	3.45252E-3	2.13119E+1	4.41283E+0
-2.10241E-1	3.46861E-3	2.14112E+1	4.65513E+0
-2.20252E-1	3.45407E-3	2.13214E+1	4.85634E+0
-2.30226E-1	3.46162E-3	2.13680E+1	5.08736E+0
-2.40235E-1	3.45230E-3	2.13105E+1	5.29424E+0
-2.50249E-1	3.43447E-3	2.12004E+1	5.48644E+0
-2.60223E-1	3.45547E-3	2.13301E+1	5.73999E+0
-2.70232E-1	3.43899E-3	2.12283E+1	5.93234E+0
-2.80244E-1	3.44495E-3	2.12651E+1	6.16280E+0
-2.90257E-1	3.43749E-3	2.12191E+1	6.36917E+0
-3.00231E-1	3.42051E-3	2.11143E+1	6.55549E+0
-3.10244E-1	3.42649E-3	2.11512E+1	6.78596E+0
-3.20257E-1	3.38781E-3	2.09124E+1	6.92590E+0
-3.30266E-1	3.40603E-3	2.10249E+1	7.18077E+0
-3.40240E-1	3.39512E-3	2.09575E+1	7.37393E+0
-3.50259E-1	3.38191E-3	2.08760E+1	7.56153E+0
-3.60266E-1	3.39804E-3	2.09756E+1	7.81466E+0
-3.70239E-1	3.36859E-3	2.07938E+1	7.96139E+0
-3.80253E-1	3.37476E-3	2.08319E+1	8.19170E+0
-3.90262E-1	3.39017E-3	2.09270E+1	8.44571E+0
-4.00274E-1	3.36670E-3	2.07821E+1	8.60241E+0
-4.10247E-1	3.36081E-3	2.07457E+1	8.80132E+0
-4.20258E-1	3.33074E-3	2.05601E+1	8.93543E+0
-4.30267E-1	3.33791E-3	2.06044E+1	9.16793E+0
-4.40276E-1	3.32862E-3	2.05470E+1	9.35509E+0
-4.50254E-1	3.31307E-3	2.04510E+1	9.52241E+0
-4.60270E-1	3.31388E-3	2.04560E+1	9.73661E+0
-4.70282E-1	3.28813E-3	2.02971E+1	9.87111E+0
-4.80251E-1	3.26843E-3	2.01755E+1	1.00200E+1
-4.90266E-1	3.26951E-3	2.01822E+1	1.02323E+1
-5.00277E-1	3.23436E-3	1.99652E+1	1.03290E+1
-5.10287E-1	3.22168E-3	1.98869E+1	1.04943E+1
-5.20260E-1	3.21131E-3	1.98229E+1	1.06650E+1
-5.30270E-1	3.16682E-3	1.95483E+1	1.07196E+1
-5.40277E-1	3.16366E-3	1.95288E+1	1.09110E+1
-5.50292E-1	3.14818E-3	1.94332E+1	1.10589E+1
-5.60267E-1	3.10346E-3	1.91572E+1	1.10994E+1
-5.70274E-1	3.07043E-3	1.89533E+1	1.11774E+1
-5.80284E-1	3.02273E-3	1.86588E+1	1.11969E+1
-5.90294E-1	2.95718E-3	1.82542E+1	1.11431E+1
-6.00268E-1	2.92125E-3	1.80324E+1	1.11937E+1
-6.10282E-1	2.85188E-3	1.76042E+1	1.11102E+1
-6.20294E-1	2.77776E-3	1.71467E+1	1.09989E+1
-6.30268E-1	2.70784E-3	1.67151E+1	1.08945E+1
-6.40280E-1	2.61934E-3	1.61688E+1	1.07058E+1
-6.50292E-1	2.50894E-3	1.54873E+1	1.04150E+1
-6.60305E-1	2.41263E-3	1.48928E+1	1.01694E+1
-6.70279E-1	2.29581E-3	1.41717E+1	9.82313E+0
-6.80286E-1	2.16114E-3	1.33404E+1	9.38497E+0
-6.90296E-1	2.01872E-3	1.24612E+1	8.89549E+0
-7.00304E-1	1.87318E-3	1.15628E+1	8.37384E+0
-7.10279E-1	1.71277E-3	1.05727E+1	7.76581E+0
-7.20290E-1	1.54324E-3	9.52617E+0	7.09577E+0
-7.30303E-1	1.37405E-3	8.48179E+0	6.40566E+0
-7.40277E-1	1.18959E-3	7.34315E+0	5.62147E+0
-7.50288E-1	1.00135E-3	6.18117E+0	4.79593E+0
-7.60298E-1	8.01636E-4	4.94837E+0	3.89063E+0
-7.70308E-1	5.95939E-4	3.67864E+0	2.93039E+0
-7.80280E-1	3.90951E-4	2.41328E+0	1.94729E+0
-7.90295E-1	1.77864E-4	1.09793E+0	8.97296E-1
-8.00310E-1	-4.07824E-5	-2.51743E-1	-2.08348E-1
-8.10322E-1	-2.60230E-4	-1.60636E+0	-1.34609E+0
-8.20298E-1	-4.85849E-4	-2.99907E+0	-2.54408E+0
-8.30311E-1	-7.17860E-4	-4.43123E+0	-3.80486E+0
-8.40321E-1	-9.50992E-4	-5.87032E+0	-5.10130E+0
-8.50291E-1	-1.18472E-3	-7.31309E+0	-6.43046E+0
-8.60301E-1	-1.42259E-3	-8.78142E+0	-7.81248E+0
-8.70308E-1	-1.66520E-3	-1.02790E+1	-9.25120E+0
-8.80318E-1	-1.91025E-3	-1.17917E+1	-1.07347E+1
-8.90297E-1	-2.15556E-3	-1.33059E+1	-1.22505E+1
-9.00307E-1	-2.40712E-3	-1.48588E+1	-1.38340E+1
-9.10318E-1	-2.65990E-3	-1.64191E+1	-1.54567E+1
-9.20331E-1	-2.91164E-3	-1.79731E+1	-1.71057E+1
-9.30305E-1	-3.16653E-3	-1.95465E+1	-1.88047E+1
-9.40320E-1	-3.42331E-3	-2.11315E+1	-2.05485E+1
-9.50330E-1	-3.68206E-3	-2.27288E+1	-2.23369E+1
-9.60303E-1	-3.94215E-3	-2.43343E+1	-2.41657E+1
-9.70317E-1	-4.20361E-3	-2.59482E+1	-2.60372E+1
-9.80330E-1	-4.46853E-3	-2.75835E+1	-2.79638E+1
-9.90337E-1	-4.73213E-3	-2.92107E+1	-2.99156E+1
-1.00031E+0	-4.99636E-3	-3.08417E+1	-3.19041E+1
-1.01032E+0	-5.26435E-3	-3.24960E+1	-3.39518E+1
