1.01002E+0	3.77820E-3	2.33222E+1	-2.37938E+1
1.00002E+0	3.79079E-3	2.33999E+1	-2.36368E+1
9.90021E-1	3.78847E-3	2.33856E+1	-2.33861E+1
9.80025E-1	3.78412E-3	2.33588E+1	-2.31234E+1
9.70028E-1	3.79238E-3	2.34098E+1	-2.29375E+1
9.60027E-1	3.78626E-3	2.33720E+1	-2.26644E+1
9.50025E-1	3.76777E-3	2.32578E+1	-2.23187E+1
9.40020E-1	3.78546E-3	2.33670E+1	-2.21874E+1
9.30016E-1	3.79013E-3	2.33959E+1	-2.19783E+1
9.20018E-1	3.77639E-3	2.33110E+1	-2.16632E+1
9.10016E-1	3.77115E-3	2.32787E+1	-2.13980E+1
9.00020E-1	3.77223E-3	2.32854E+1	-2.11690E+1
8.90020E-1	3.76536E-3	2.32430E+1	-2.08957E+1
8.80022E-1	3.76224E-3	2.32237E+1	-2.06438E+1
8.69987E-1	3.77034E-3	2.32737E+1	-2.04523E+1
8.59987E-1	3.76386E-3	2.32337E+1	-2.01825E+1
8.49984E-1	3.74913E-3	2.31428E+1	-1.98697E+1
8.39989E-1	3.75313E-3	2.31675E+1	-1.96570E+1
8.29992E-1	3.76337E-3	2.32307E+1	-1.94760E+1
8.19985E-1	3.74909E-3	2.31425E+1	-1.91682E+1
8.09989E-1	3.75078E-3	2.31530E+1	-1.89431E+1
7.99990E-1	3.75098E-3	2.31542E+1	-1.87102E+1
7.89992E-1	3.73960E-3	2.30840E+1	-1.84203E+1
7.79978E-1	3.75121E-3	2.31556E+1	-1.82433E+1
7.69977E-1	3.73575E-3	2.30602E+1	-1.79352E+1
7.59979E-1	3.73635E-3	2.30639E+1	-1.77051E+1
7.49980E-1	3.73176E-3	2.30356E+1	-1.74507E+1
7.39974E-1	3.71977E-3	2.29615E+1	-1.71626E+1
7.29976E-1	3.71099E-3	2.29073E+1	-1.68907E+1
7.19976E-1	3.70304E-3	2.28583E+1	-1.66236E+1
7.09979E-1	3.71184E-3	2.29126E+1	-1.64318E+1
6.99979E-1	3.71777E-3	2.29492E+1	-1.62262E+1
6.89981E-1	3.70970E-3	2.28994E+1	-1.59597E+1
6.79986E-1	3.70380E-3	2.28630E+1	-1.57035E+1
6.69983E-1	3.71228E-3	2.29153E+1	-1.55079E+1
6.59984E-1	3.70318E-3	2.28591E+1	-1.52391E+1
6.49985E-1	3.70411E-3	2.28649E+1	-1.50119E+1
6.39987E-1	3.70609E-3	2.28771E+1	-1.47889E+1
6.29983E-1	3.69630E-3	2.28167E+1	-1.45193E+1
6.19981E-1	3.70574E-3	2.28749E+1	-1.43253E+1
6.09981E-1	3.69524E-3	2.28101E+1	-1.40543E+1
5.99977E-1	3.69721E-3	2.28223E+1	-1.38312E+1
5.89979E-1	3.69002E-3	2.27779E+1	-1.35742E+1
5.79983E-1	3.67503E-3	2.26854E+1	-1.32900E+1
5.69984E-1	3.67644E-3	2.26941E+1	-1.30659E+1
5.59984E-1	3.66830E-3	2.26438E+1	-1.28083E+1
5.49988E-1	3.66195E-3	2.26046E+1	-1.25579E+1
5.39989E-1	3.67028E-3	2.26560E+1	-1.23576E+1
5.29990E-1	3.65063E-3	2.25348E+1	-1.20638E+1
5.19984E-1	3.64880E-3	2.25235E+1	-1.18301E+1
5.09985E-1	3.64538E-3	2.25023E+1	-1.15918E+1
4.99987E-1	3.62953E-3	2.24045E+1	-1.13151E+1
4.89982E-1	3.64075E-3	2.24738E+1	-1.11230E+1
4.79982E-1	3.63102E-3	2.24137E+1	-1.08668E+1
4.69983E-1	3.62991E-3	2.24069E+1	-1.06372E+1
4.59987E-1	3.62375E-3	2.23688E+1	-1.03933E+1
4.49984E-1	3.61226E-3	2.22979E+1	-1.01350E+1
4.39984E-1	3.61262E-3	2.23001E+1	-9.91081E+0
4.29985E-1	3.59845E-3	2.22127E+1	-9.64758E+0
4.19984E-1	3.59838E-3	2.22122E+1	-9.42301E+0
4.09988E-1	3.60595E-3	2.22590E+1	-9.21808E+0
3.99989E-1	3.59525E-3	2.21929E+1	-8.96658E+0
3.89989E-1	3.57506E-3	2.20683E+1	-8.69332E+0
3.79986E-1	3.57263E-3	2.20533E+1	-8.46458E+0
3.69983E-1	3.57115E-3	2.20441E+1	-8.23834E+0
3.59982E-1	3.55409E-3	2.19388E+1	-7.97736E+0
3.49982E-1	3.54957E-3	2.19109E+1	-7.74589E+0
3.39975E-1	3.54930E-3	2.19093E+1	-7.52384E+0
3.29978E-1	3.53995E-3	2.18515E+1	-7.28336E+0
3.19967E-1	3.52539E-3	2.17617E+1	-7.03335E+0
3.09964E-1	3.51773E-3	2.17144E+1	-6.79866E+0
2.99964E-1	3.52115E-3	2.17355E+1	-6.58572E+0
2.89961E-1	3.51082E-3	2.16717E+1	-6.34743E+0
2.79965E-1	3.50083E-3	2.16101E+1	-6.11117E+0
2.69966E-1	3.49064E-3	2.15472E+1	-5.87576E+0
2.59966E-1	3.49108E-3	2.15499E+1	-5.65882E+0
2.49968E-1	3.48245E-3	2.14966E+1	-5.42774E+0
2.39969E-1	3.46763E-3	2.14051E+1	-5.18845E+0
2.29964E-1	3.46177E-3	2.13690E+1	-4.96373E+0
2.19963E-1	3.45481E-3	2.13260E+1	-4.73831E+0
2.09963E-1	3.44109E-3	2.12413E+1	-4.50494E+0
1.99958E-1	3.43679E-3	2.12148E+1	-4.28491E+0
1.89962E-1	3.42653E-3	2.11514E+1	-4.05855E+0
1.79959E-1	3.41191E-3	2.10612E+1	-3.82843E+0
1.69964E-1	3.40991E-3	2.10488E+1	-3.61368E+0
1.59961E-1	3.39027E-3	2.09276E+1	-3.38141E+0
1.49962E-1	3.38255E-3	2.08799E+1	-3.16283E+0
1.39960E-1	3.37930E-3	2.08599E+1	-2.94904E+0
1.29963E-1	3.35888E-3	2.07338E+1	-2.72185E+0
1.19964E-1	3.35708E-3	2.07227E+1	-2.51109E+0
1.09967E-1	3.33885E-3	2.06102E+1	-2.28933E+0
9.99658E-2	3.32379E-3	2.05172E+1	-2.07174E+0
8.99611E-2	3.32811E-3	2.05439E+1	-1.86682E+0
7.99642E-2	3.31342E-3	2.04532E+1	-1.65205E+0
6.99630E-2	3.28892E-3	2.03020E+1	-1.43473E+0
5.99654E-2	3.28869E-3	2.03006E+1	-1.22963E+0
4.99573E-2	3.27570E-3	2.02204E+1	-1.02036E+0
3.99578E-2	3.25706E-3	2.01053E+1	-8.11479E-1
2.99578E-2	3.25028E-3	2.00635E+1	-6.07128E-1
1.99592E-2	3.23788E-3	1.99869E+1	-4.02952E-1
9.95755E-3	3.21816E-3	1.98652E+1	-1.99807E-1
-4.10080E-5	3.21347E-3	1.98362E+1	8.21661E-4
-9.88936E-3	3.19094E-3	1.96972E+1	1.96760E-1
-1.98915E-2	3.18346E-3	1.96510E+1	3.94836E-1
-2.98901E-2	3.16633E-3	1.95452E+1	5.90110E-1
-3.98910E-2	3.14773E-3	1.94304E+1	7.82929E-1
-4.98903E-2	3.14496E-3	1.94133E+1	9.78320E-1
-5.98955E-2	3.12446E-3	1.92868E+1	1.16686E+0
-6.98986E-2	3.11853E-3	1.92502E+1	1.35915E+0
-7.98938E-2	3.10442E-3	1.91631E+1	1.54648E+0
-8.98917E-2	3.08596E-3	1.90491E+1	1.72966E+0
-9.98955E-2	3.07847E-3	1.90029E+1	1.91748E+0
-1.09896E-1	3.05382E-3	1.88507E+1	2.09255E+0
-1.19898E-1	3.03443E-3	1.87310E+1	2.26850E+0
-1.29895E-1	3.02501E-3	1.86729E+1	2.45002E+0
-1.39894E-1	3.00865E-3	1.85719E+1	2.62434E+0
-1.49895E-1	2.98513E-3	1.84267E+1	2.78997E+0
-1.59893E-1	2.97777E-3	1.83813E+1	2.96873E+0
-1.69900E-1	2.95741E-3	1.82556E+1	3.13296E+0
-1.79900E-1	2.93951E-3	1.81451E+1	3.29728E+0
-1.89899E-1	2.93174E-3	1.80972E+1	3.47135E+0
-1.99899E-1	2.90679E-3	1.79431E+1	3.62305E+0
-2.09908E-1	2.89242E-3	1.78544E+1	3.78565E+0
-2.19908E-1	2.87373E-3	1.77391E+1	3.94037E+0
-2.29905E-1	2.84903E-3	1.75866E+1	4.08409E+0
-2.39908E-1	2.84204E-3	1.75435E+1	4.25133E+0
-2.49907E-1	2.82274E-3	1.74243E+1	4.39844E+0
-2.59911E-1	2.80269E-3	1.73006E+1	4.54202E+0
-2.69909E-1	2.79593E-3	1.72588E+1	4.70537E+0
-2.79907E-1	2.76916E-3	1.70936E+1	4.83294E+0
-2.89907E-1	2.75544E-3	1.70089E+1	4.98080E+0
-2.99905E-1	2.73759E-3	1.68987E+1	5.11920E+0
-3.09906E-1	2.71104E-3	1.67348E+1	5.23861E+0
-3.19908E-1	2.70063E-3	1.66706E+1	5.38691E+0
-3.29908E-1	2.68728E-3	1.65881E+1	5.52784E+0
-3.39903E-1	2.65997E-3	1.64196E+1	5.63743E+0
-3.49916E-1	2.64070E-3	1.63006E+1	5.76146E+0
-3.59915E-1	2.62740E-3	1.62185E+1	5.89625E+0
-3.69916E-1	2.60069E-3	1.60536E+1	5.99848E+0
-3.79908E-1	2.57629E-3	1.59030E+1	6.10271E+0
-3.89913E-1	2.56244E-3	1.58175E+1	6.22976E+0
-3.99913E-1	2.53687E-3	1.56597E+1	6.32577E+0
-4.09910E-1	2.52008E-3	1.55560E+1	6.44099E+0
-4.19911E-1	2.49005E-3	1.53707E+1	6.51951E+0
-4.29909E-1	2.46967E-3	1.52449E+1	6.62011E+0
-4.39908E-1	2.45597E-3	1.51603E+1	6.73651E+0
-4.49907E-1	2.42606E-3	1.49757E+1	6.80572E+0
-4.59910E-1	2.41257E-3	1.48924E+1	6.91835E+0
-4.69909E-1	2.38795E-3	1.47404E+1	6.99663E+0
-4.79908E-1	2.36189E-3	1.45796E+1	7.06753E+0
-4.89906E-1	2.34248E-3	1.44598E+1	7.15547E+0
-4.99909E-1	2.31128E-3	1.42672E+1	7.20433E+0
-5.09912E-1	2.28922E-3	1.41310E+1	7.27834E+0
-5.19909E-1	2.26350E-3	1.39722E+1	7.33766E+0
-5.29907E-1	2.23035E-3	1.37676E+1	7.36924E+0
-5.39912E-1	2.20282E-3	1.35977E+1	7.41569E+0
-5.49912E-1	2.17577E-3	1.34307E+1	7.46029E+0
-5.59911E-1	2.14999E-3	1.32715E+1	7.50594E+0
-5.69906E-1	2.11637E-3	1.30640E+1	7.52046E+0
-5.79901E-1	2.08213E-3	1.28527E+1	7.52855E+0
-5.89907E-1	2.04682E-3	1.26347E+1	7.52858E+0
-5.99903E-1	2.00272E-3	1.23625E+1	7.49119E+0
-6.09907E-1	1.95399E-3	1.20617E+1	7.43080E+0
-6.19904E-1	1.90915E-3	1.17849E+1	7.37928E+0
-6.29907E-1	1.85677E-3	1.14615E+1	7.29263E+0
-6.39938E-1	1.79313E-3	1.10687E+1	7.15483E+0
-6.49946E-1	1.72485E-3	1.06472E+1	6.99002E+0
-6.59948E-1	1.65865E-3	1.02386E+1	6.82518E+0
-6.69946E-1	1.57472E-3	9.72049E+0	6.57799E+0
-6.79949E-1	1.48747E-3	9.18191E+0	6.30630E+0
-6.89950E-1	1.39173E-3	8.59093E+0	5.98718E+0
-6.99951E-1	1.28526E-3	7.93370E+0	5.60930E+0
-7.09951E-1	1.17489E-3	7.25241E+0	5.20086E+0
-7.19950E-1	1.05932E-3	6.53901E+0	4.75532E+0
-7.29945E-1	9.34483E-4	5.76841E+0	4.25316E+0
-7.39945E-1	8.00998E-4	4.94443E+0	3.69556E+0
-7.49946E-1	6.64685E-4	4.10299E+0	3.10810E+0
-7.59952E-1	5.22870E-4	3.22759E+0	2.47759E+0
-7.69950E-1	3.72472E-4	2.29921E+0	1.78816E+0
-7.79949E-1	2.17807E-4	1.34449E+0	1.05922E+0
-7.89959E-1	5.97912E-5	3.69081E-1	2.94504E-1
-7.99958E-1	-1.06574E-4	-6.57864E-1	-5.31580E-1
-8.09963E-1	-2.77069E-4	-1.71030E+0	-1.39927E+0
-8.19966E-1	-4.52323E-4	-2.79212E+0	-2.31257E+0
-8.29971E-1	-6.34650E-4	-3.91759E+0	-3.28433E+0
-8.39968E-1	-8.22517E-4	-5.07727E+0	-4.30782E+0
-8.49968E-1	-1.01533E-3	-6.26747E+0	-5.38096E+0
-8.59965E-1	-1.21301E-3	-7.48772E+0	-6.50422E+0
-8.69958E-1	-1.41744E-3	-8.74963E+0	-7.68870E+0
-8.79960E-1	-1.62649E-3	-1.00401E+1	-8.92409E+0
-8.89959E-1	-1.84211E-3	-1.13710E+1	-1.02220E+1
-8.99958E-1	-2.06363E-3	-1.27385E+1	-1.15799E+1
-9.09960E-1	-2.29019E-3	-1.41370E+1	-1.29940E+1
-9.19959E-1	-2.52357E-3	-1.55776E+1	-1.44755E+1
-9.29957E-1	-2.76137E-3	-1.70455E+1	-1.60117E+1
-9.39964E-1	-3.00538E-3	-1.85517E+1	-1.76141E+1
-9.49960E-1	-3.25565E-3	-2.00966E+1	-1.92838E+1
-9.59960E-1	-3.51053E-3	-2.16699E+1	-2.10124E+1
-9.69963E-1	-3.77125E-3	-2.32793E+1	-2.28082E+1
-9.79962E-1	-4.03798E-3	-2.49258E+1	-2.46731E+1
-9.89958E-1	-4.30893E-3	-2.65983E+1	-2.65972E+1
-9.99956E-1	-4.58611E-3	-2.83093E+1	-2.85940E+1
-1.00996E+0	-4.86809E-3	-3.00499E+1	-3.06558E+1
