1.00998E+0	3.64837E-3	2.25208E+1	-2.29753E+1
9.99984E-1	3.64329E-3	2.24894E+1	-2.27162E+1
9.89985E-1	3.62872E-3	2.23995E+1	-2.23992E+1
9.79982E-1	3.62462E-3	2.23742E+1	-2.21478E+1
9.69985E-1	3.62534E-3	2.23786E+1	-2.19262E+1
9.59975E-1	3.61161E-3	2.22939E+1	-2.16178E+1
9.49976E-1	3.61348E-3	2.23054E+1	-2.14037E+1
9.39976E-1	3.61641E-3	2.23235E+1	-2.11955E+1
9.29969E-1	3.60635E-3	2.22614E+1	-2.09115E+1
9.19969E-1	3.59938E-3	2.22184E+1	-2.06467E+1
9.09967E-1	3.60505E-3	2.22534E+1	-2.04544E+1
8.99968E-1	3.59505E-3	2.21917E+1	-2.01735E+1
8.89966E-1	3.59563E-3	2.21952E+1	-1.99525E+1
8.79969E-1	3.59484E-3	2.21904E+1	-1.97241E+1
8.69934E-1	3.58290E-3	2.21167E+1	-1.94344E+1
8.59933E-1	3.58418E-3	2.21246E+1	-1.92178E+1
8.49936E-1	3.57178E-3	2.20480E+1	-1.89287E+1
8.39936E-1	3.57619E-3	2.20752E+1	-1.87291E+1
8.29936E-1	3.58227E-3	2.21128E+1	-1.85376E+1
8.19935E-1	3.57238E-3	2.20517E+1	-1.82636E+1
8.09936E-1	3.57879E-3	2.20913E+1	-1.80733E+1
7.99938E-1	3.58136E-3	2.21072E+1	-1.78630E+1
7.89937E-1	3.56908E-3	2.20314E+1	-1.75792E+1
7.79929E-1	3.56952E-3	2.20341E+1	-1.73586E+1
7.69931E-1	3.56805E-3	2.20250E+1	-1.71290E+1
7.59933E-1	3.56172E-3	2.19859E+1	-1.68766E+1
7.49931E-1	3.56904E-3	2.20311E+1	-1.66887E+1
7.39927E-1	3.56195E-3	2.19873E+1	-1.64334E+1
7.29926E-1	3.55452E-3	2.19415E+1	-1.61774E+1
7.19929E-1	3.55841E-3	2.19655E+1	-1.59733E+1
7.09929E-1	3.55447E-3	2.19412E+1	-1.57340E+1
6.99929E-1	3.55895E-3	2.19688E+1	-1.55319E+1
6.89933E-1	3.56442E-3	2.20026E+1	-1.53337E+1
6.79933E-1	3.55450E-3	2.19414E+1	-1.50693E+1
6.69928E-1	3.55423E-3	2.19397E+1	-1.48465E+1
6.59928E-1	3.55828E-3	2.19647E+1	-1.46415E+1
6.49931E-1	3.53976E-3	2.18504E+1	-1.43447E+1
6.39933E-1	3.55639E-3	2.19530E+1	-1.41904E+1
6.29926E-1	3.55245E-3	2.19287E+1	-1.39530E+1
6.19923E-1	3.54976E-3	2.19121E+1	-1.37210E+1
6.09925E-1	3.55436E-3	2.19405E+1	-1.35172E+1
5.99922E-1	3.53931E-3	2.18476E+1	-1.32392E+1
5.89924E-1	3.54316E-3	2.18714E+1	-1.30328E+1
5.79927E-1	3.53712E-3	2.18341E+1	-1.27901E+1
5.69934E-1	3.52778E-3	2.17764E+1	-1.25365E+1
5.59932E-1	3.53338E-3	2.18110E+1	-1.23360E+1
5.49935E-1	3.54172E-3	2.18625E+1	-1.21444E+1
5.39930E-1	3.53236E-3	2.18047E+1	-1.18919E+1
5.29932E-1	3.53991E-3	2.18513E+1	-1.16967E+1
5.19926E-1	3.53964E-3	2.18496E+1	-1.14749E+1
5.09927E-1	3.53001E-3	2.17902E+1	-1.12236E+1
4.99926E-1	3.53747E-3	2.18362E+1	-1.10268E+1
4.89919E-1	3.52802E-3	2.17779E+1	-1.07772E+1
4.79916E-1	3.53181E-3	2.18013E+1	-1.05685E+1
4.69921E-1	3.53304E-3	2.18089E+1	-1.03520E+1
4.59922E-1	3.52059E-3	2.17320E+1	-1.00960E+1
4.49913E-1	3.52821E-3	2.17791E+1	-9.89767E+0
4.39917E-1	3.51559E-3	2.17012E+1	-9.64315E+0
4.29917E-1	3.51763E-3	2.17138E+1	-9.42941E+0
4.19919E-1	3.52176E-3	2.17393E+1	-9.22094E+0
4.09918E-1	3.51033E-3	2.16687E+1	-8.97211E+0
3.99922E-1	3.50849E-3	2.16573E+1	-8.74874E+0
3.89925E-1	3.50469E-3	2.16339E+1	-8.52080E+0
3.79920E-1	3.50056E-3	2.16084E+1	-8.29239E+0
3.69921E-1	3.51068E-3	2.16709E+1	-8.09748E+0
3.59922E-1	3.49822E-3	2.15940E+1	-7.85064E+0
3.49926E-1	3.49647E-3	2.15831E+1	-7.62879E+0
3.39917E-1	3.49595E-3	2.15799E+1	-7.40948E+0
3.29921E-1	3.48895E-3	2.15367E+1	-7.17719E+0
3.19918E-1	3.49840E-3	2.15951E+1	-6.97843E+0
3.09918E-1	3.49478E-3	2.15727E+1	-6.75331E+0
2.99919E-1	3.48478E-3	2.15110E+1	-6.51672E+0
2.89917E-1	3.49020E-3	2.15444E+1	-6.30919E+0
2.79920E-1	3.48201E-3	2.14939E+1	-6.07734E+0
2.69919E-1	3.47114E-3	2.14268E+1	-5.84192E+0
2.59919E-1	3.48061E-3	2.14852E+1	-5.64083E+0
2.49921E-1	3.46905E-3	2.14139E+1	-5.40584E+0
2.39921E-1	3.46095E-3	2.13639E+1	-5.17742E+0
2.29916E-1	3.45802E-3	2.13458E+1	-4.95731E+0
2.19917E-1	3.44407E-3	2.12597E+1	-4.72259E+0
2.09917E-1	3.44931E-3	2.12920E+1	-4.51471E+0
1.99910E-1	3.43951E-3	2.12315E+1	-4.28727E+0
1.89910E-1	3.43211E-3	2.11859E+1	-4.06405E+0
1.79909E-1	3.43472E-3	2.12020E+1	-3.85296E+0
1.69914E-1	3.42480E-3	2.11407E+1	-3.62839E+0
1.59911E-1	3.41125E-3	2.10571E+1	-3.40127E+0
1.49915E-1	3.41094E-3	2.10552E+1	-3.18837E+0
1.39916E-1	3.40698E-3	2.10307E+1	-2.97226E+0
1.29914E-1	3.38867E-3	2.09177E+1	-2.74495E+0
1.19915E-1	3.39070E-3	2.09302E+1	-2.53520E+0
1.09915E-1	3.37967E-3	2.08622E+1	-2.31623E+0
9.99138E-2	3.37032E-3	2.08044E+1	-2.09965E+0
8.99143E-2	3.36745E-3	2.07867E+1	-1.88790E+0
7.99148E-2	3.34993E-3	2.06786E+1	-1.66922E+0
6.99184E-2	3.34126E-3	2.06251E+1	-1.45664E+0
5.99213E-2	3.33270E-3	2.05722E+1	-1.24517E+0
4.99139E-2	3.31186E-3	2.04436E+1	-1.03073E+0
3.99127E-2	3.30607E-3	2.04078E+1	-8.22760E-1
2.99151E-2	3.29758E-3	2.03554E+1	-6.15086E-1
1.99168E-2	3.27710E-3	2.02290E+1	-4.06967E-1
9.91130E-3	3.26387E-3	2.01473E+1	-2.01703E-1
-8.60691E-5	3.24855E-3	2.00528E+1	1.74336E-3
-9.96447E-3	3.23208E-3	1.99511E+1	2.00810E-1
-1.99676E-2	3.22721E-3	1.99210E+1	4.01793E-1
-2.99640E-2	3.21123E-3	1.98224E+1	5.99958E-1
-3.99647E-2	3.17932E-3	1.96254E+1	7.92247E-1
-4.99644E-2	3.16301E-3	1.95248E+1	9.85397E-1
-5.99754E-2	3.14055E-3	1.93861E+1	1.17443E+0
-6.99730E-2	3.11721E-3	1.92420E+1	1.36002E+0
-7.99727E-2	3.10184E-3	1.91472E+1	1.54672E+0
-8.99682E-2	3.07665E-3	1.89917E+1	1.72591E+0
-9.99725E-2	3.03883E-3	1.87582E+1	1.89425E+0
-1.09972E-1	3.01480E-3	1.86099E+1	2.06724E+0
-1.19972E-1	2.98274E-3	1.84120E+1	2.23123E+0
-1.29972E-1	2.94989E-3	1.82092E+1	2.39059E+0
-1.39972E-1	2.91390E-3	1.79870E+1	2.54311E+0
-1.49972E-1	2.86939E-3	1.77123E+1	2.68318E+0
-1.59969E-1	2.82715E-3	1.74515E+1	2.81990E+0
-1.69973E-1	2.78338E-3	1.71814E+1	2.94987E+0
-1.79970E-1	2.73325E-3	1.68719E+1	3.06711E+0
-1.89974E-1	2.68136E-3	1.65516E+1	3.17614E+0
-1.99971E-1	2.62115E-3	1.61799E+1	3.26820E+0
-2.09978E-1	2.54918E-3	1.57357E+1	3.33752E+0
-2.19977E-1	2.47939E-3	1.53049E+1	3.40073E+0
-2.29974E-1	2.39875E-3	1.48071E+1	3.43964E+0
-2.39980E-1	2.30666E-3	1.42386E+1	3.45150E+0
-2.49979E-1	2.21449E-3	1.36697E+1	3.45165E+0
-2.59980E-1	2.10980E-3	1.30235E+1	3.42004E+0
-2.69977E-1	1.99628E-3	1.23227E+1	3.36045E+0
-2.79980E-1	1.87816E-3	1.15936E+1	3.27876E+0
-2.89979E-1	1.74766E-3	1.07880E+1	3.15990E+0
-2.99975E-1	1.61305E-3	9.95710E+0	3.01705E+0
-3.09976E-1	1.47244E-3	9.08914E+0	2.84587E+0
-3.19979E-1	1.32184E-3	8.15951E+0	2.63724E+0
-3.29976E-1	1.16767E-3	7.20784E+0	2.40244E+0
-3.39974E-1	1.00860E-3	6.22593E+0	2.13803E+0
-3.49980E-1	1.92184E-4	1.18632E+0	4.19382E-1
-3.59978E-1	1.61167E-4	9.94858E-1	3.61744E-1
-3.69977E-1	1.28768E-4	7.94864E-1	2.97052E-1
-3.79977E-1	9.17250E-5	5.66204E-1	2.17318E-1
-3.89988E-1	5.75122E-5	3.55014E-1	1.39850E-1
-3.99982E-1	2.68994E-5	1.66046E-1	6.70861E-2
-4.09981E-1	1.46605E-5	9.04969E-2	3.74768E-2
-4.19981E-1	1.43544E-5	8.86074E-2	3.75893E-2
-4.29977E-1	1.43516E-5	8.85901E-2	3.84765E-2
-4.39981E-1	1.43478E-5	8.85667E-2	3.93613E-2
-4.49978E-1	1.43197E-5	8.83932E-2	4.01768E-2
-4.59972E-1	-4.89694E-7	-3.02280E-3	-1.40445E-3
-4.69975E-1	-1.29570E-6	-7.99815E-3	-3.79690E-3
-4.79978E-1	-1.98480E-6	-1.22519E-2	-5.94002E-3
-4.89975E-1	-2.71606E-6	-1.67658E-2	-8.29780E-3
-4.99984E-1	-3.50724E-6	-2.16496E-2	-1.09338E-2
-5.09983E-1	-4.34383E-6	-2.68138E-2	-1.38127E-2
-5.19982E-1	-5.23872E-6	-3.23378E-2	-1.69849E-2
-5.29979E-1	-6.15690E-6	-3.80056E-2	-2.03456E-2
-5.39979E-1	-7.11935E-6	-4.39466E-2	-2.39699E-2
-5.49982E-1	-8.10827E-6	-5.00510E-2	-2.78052E-2
-5.59978E-1	-9.18081E-6	-5.66717E-2	-3.20554E-2
-5.69979E-1	-8.25455E-4	-5.09540E+0	-2.93361E+0
-5.79980E-1	-9.03757E-4	-5.57875E+0	-3.26824E+0
-5.89981E-1	-9.85465E-4	-6.08312E+0	-3.62518E+0
-5.99978E-1	-6.38009E-3	-3.93833E+1	-2.38678E+1
-6.09980E-1	-6.58892E-3	-4.06723E+1	-2.50599E+1
-6.19977E-1	-6.82042E-3	-4.21014E+1	-2.63655E+1
-6.29976E-1	-7.06143E-3	-4.35891E+1	-2.77374E+1
-6.40010E-1	-7.31172E-3	-4.51341E+1	-2.91780E+1
-6.50017E-1	-7.56765E-3	-4.67139E+1	-3.06715E+1
-6.60017E-1	-7.83383E-3	-4.83570E+1	-3.22388E+1
-6.70015E-1	-8.10292E-3	-5.00180E+1	-3.38513E+1
-6.80019E-1	-8.36896E-3	-5.16602E+1	-3.54848E+1
-6.90017E-1	-8.63505E-3	-5.33028E+1	-3.71513E+1
-7.00016E-1	-8.90614E-3	-5.49762E+1	-3.88729E+1
-7.10015E-1	-9.18284E-3	-5.66842E+1	-4.06532E+1
-7.20018E-1	-9.46423E-3	-5.84212E+1	-4.24892E+1
-7.30016E-1	-9.74882E-3	-6.01779E+1	-4.43746E+1
-7.40019E-1	-1.00862E-2	-6.22605E+1	-4.65393E+1
-7.50016E-1	-1.03884E-2	-6.41259E+1	-4.85813E+1
-7.60020E-1	-1.06833E-2	-6.59463E+1	-5.06268E+1
-7.70022E-1	-1.09770E-2	-6.77593E+1	-5.27032E+1
-7.80021E-1	-1.12763E-2	-6.96068E+1	-5.48432E+1
-7.90027E-1	-1.15831E-2	-7.15006E+1	-5.70580E+1
-8.00030E-1	-1.18870E-2	-7.33765E+1	-5.92964E+1
-8.10029E-1	-1.21872E-2	-7.52296E+1	-6.15537E+1
-8.20029E-1	-1.25000E-2	-7.71605E+1	-6.39130E+1
-8.30032E-1	-1.28121E-2	-7.90870E+1	-6.63079E+1
-8.40031E-1	-1.31259E-2	-8.10241E+1	-6.87502E+1
-8.50033E-1	-1.35441E-2	-8.36056E+1	-7.17853E+1
-8.60029E-1	-1.38683E-2	-8.56068E+1	-7.43680E+1
-8.70029E-1	-1.41862E-2	-8.75691E+1	-7.69573E+1
-8.80027E-1	-1.45059E-2	-8.95426E+1	-7.95959E+1
-8.90025E-1	-1.48223E-2	-9.14957E+1	-8.22560E+1
-9.00024E-1	-1.51425E-2	-9.34722E+1	-8.49770E+1
-9.10025E-1	-1.54769E-2	-9.55364E+1	-8.78187E+1
-9.20022E-1	-1.58046E-2	-9.75593E+1	-9.06633E+1
-9.30022E-1	-1.61407E-2	-9.96340E+1	-9.35977E+1
-9.40030E-1	-1.64686E-2	-1.01658E+2	-9.65269E+1
-9.50029E-1	-1.67954E-2	-1.03675E+2	-9.94894E+1
-9.60025E-1	-1.71233E-2	-1.05699E+2	-1.02499E+2
-9.70030E-1	-1.74528E-2	-1.07733E+2	-1.05560E+2
-9.80027E-1	-1.77930E-2	-1.09833E+2	-1.08727E+2
-9.90025E-1	-1.81317E-2	-1.11924E+2	-1.11927E+2
-1.00003E+0	-1.84762E-2	-1.14051E+2	-1.15206E+2
-1.01003E+0	-1.88221E-2	-1.16186E+2	-1.18537E+2
