1.01000E+0	2.95443E-6	1.82372E-2	-1.87191E-2
1.00000E+0	2.91196E-6	1.79751E-2	-1.82673E-2
9.90003E-1	2.86700E-6	1.76975E-2	-1.78055E-2
9.80004E-1	2.81907E-6	1.74017E-2	-1.73310E-2
9.70008E-1	2.77256E-6	1.71146E-2	-1.68712E-2
9.60004E-1	2.73144E-6	1.68607E-2	-1.64496E-2
9.50005E-1	2.69165E-6	1.66151E-2	-1.60411E-2
9.40008E-1	2.64745E-6	1.63423E-2	-1.56117E-2
9.30000E-1	2.60217E-6	1.60628E-2	-1.51813E-2
9.20004E-1	2.56152E-6	1.58119E-2	-1.47835E-2
9.10007E-1	2.52043E-6	1.55582E-2	-1.43883E-2
9.00008E-1	2.48215E-6	1.53219E-2	-1.40141E-2
8.90006E-1	2.44374E-6	1.50848E-2	-1.36439E-2
8.80004E-1	2.40099E-6	1.48209E-2	-1.32545E-2
8.69972E-1	2.35781E-6	1.45544E-2	-1.28678E-2
8.59972E-1	2.32258E-6	1.43369E-2	-1.25298E-2
8.49971E-1	2.28339E-6	1.40950E-2	-1.21751E-2
8.39971E-1	2.24650E-6	1.38673E-2	-1.18375E-2
8.29972E-1	2.20652E-6	1.36205E-2	-1.14884E-2
8.19967E-1	2.17129E-6	1.34030E-2	-1.11687E-2
8.09972E-1	2.13283E-6	1.31656E-2	-1.08372E-2
7.99971E-1	2.09602E-6	1.29384E-2	-1.05186E-2
7.89973E-1	2.06097E-6	1.27220E-2	-1.02135E-2
7.79965E-1	2.02189E-6	1.24808E-2	-9.89288E-3
7.69965E-1	1.98790E-6	1.22710E-2	-9.60186E-3
7.59966E-1	1.95371E-6	1.20599E-2	-9.31417E-3
7.49968E-1	1.91869E-6	1.18438E-2	-9.02688E-3
7.39963E-1	1.88441E-6	1.16322E-2	-8.74733E-3
7.29965E-1	1.84664E-6	1.13990E-2	-8.45618E-3
7.19967E-1	1.81528E-6	1.12054E-2	-8.19872E-3
7.09967E-1	1.77958E-6	1.09851E-2	-7.92584E-3
6.99966E-1	1.75077E-6	1.08072E-2	-7.68769E-3
6.89962E-1	1.71800E-6	1.06049E-2	-7.43598E-3
6.79965E-1	1.68478E-6	1.03999E-2	-7.18654E-3
6.69956E-1	1.65129E-6	1.01931E-2	-6.94000E-3
6.59957E-1	1.61862E-6	9.99148E-3	-6.70117E-3
6.49961E-1	1.58812E-6	9.80321E-3	-6.47531E-3
6.39963E-1	1.55875E-6	9.62191E-3	-6.25779E-3
6.29958E-1	1.52778E-6	9.43074E-3	-6.03757E-3
6.19956E-1	1.49647E-6	9.23747E-3	-5.81994E-3
6.09957E-1	1.46792E-6	9.06123E-3	-5.61683E-3
5.99957E-1	1.43562E-6	8.86185E-3	-5.40318E-3
5.89956E-1	1.40683E-6	8.68414E-3	-5.20656E-3
5.79957E-1	1.37884E-6	8.51136E-3	-5.01649E-3
5.69958E-1	1.34929E-6	8.32895E-3	-4.82434E-3
5.59958E-1	1.31859E-6	8.13944E-3	-4.63186E-3
5.49962E-1	1.29162E-6	7.97296E-3	-4.45612E-3
5.39961E-1	1.26275E-6	7.79475E-3	-4.27730E-3
5.29962E-1	1.23666E-6	7.63370E-3	-4.11135E-3
5.19955E-1	1.20876E-6	7.46148E-3	-3.94272E-3
5.09958E-1	1.18129E-6	7.29191E-3	-3.77903E-3
4.99958E-1	1.15716E-6	7.14296E-3	-3.62925E-3
4.89958E-1	1.12887E-6	6.96833E-3	-3.46971E-3
4.79958E-1	1.10271E-6	6.80685E-3	-3.32013E-3
4.69957E-1	1.07589E-6	6.64130E-3	-3.17187E-3
4.59955E-1	1.05067E-6	6.48562E-3	-3.03160E-3
4.49951E-1	1.02487E-6	6.32636E-3	-2.89284E-3
4.39951E-1	1.00206E-6	6.18556E-3	-2.76559E-3
4.29948E-1	9.78375E-7	6.03935E-3	-2.63883E-3
4.19951E-1	9.54269E-7	5.89055E-3	-2.51397E-3
4.09953E-1	9.30145E-7	5.74164E-3	-2.39207E-3
3.99953E-1	9.06532E-7	5.59588E-3	-2.27448E-3
3.89951E-1	8.82294E-7	5.44626E-3	-2.15831E-3
3.79949E-1	8.57305E-7	5.29201E-3	-2.04339E-3
3.69948E-1	8.34319E-7	5.15012E-3	-1.93626E-3
3.59947E-1	8.09281E-7	4.99556E-3	-1.82738E-3
3.49949E-1	7.86745E-7	4.85645E-3	-1.72714E-3
3.39943E-1	7.64929E-7	4.72178E-3	-1.63124E-3
3.29947E-1	7.43798E-7	4.59135E-3	-1.53953E-3
3.19946E-1	7.22126E-7	4.45757E-3	-1.44937E-3
3.09945E-1	7.00117E-7	4.32171E-3	-1.36127E-3
2.99948E-1	6.79392E-7	4.19378E-3	-1.27837E-3
2.89948E-1	6.58189E-7	4.06290E-3	-1.19718E-3
2.79952E-1	6.37356E-7	3.93430E-3	-1.11932E-3
2.69952E-1	6.17263E-7	3.81027E-3	-1.04531E-3
2.59954E-1	5.97705E-7	3.68954E-3	-9.74705E-4
2.49956E-1	5.77228E-7	3.56314E-3	-9.05109E-4
2.39956E-1	5.56486E-7	3.43510E-3	-8.37675E-4
2.29962E-1	5.37168E-7	3.31585E-3	-7.74919E-4
2.19965E-1	5.18521E-7	3.20075E-3	-7.15500E-4
2.09962E-1	5.00533E-7	3.08971E-3	-6.59270E-4
1.99955E-1	4.81965E-7	2.97509E-3	-6.04558E-4
1.89958E-1	4.62160E-7	2.85284E-3	-5.50731E-4
1.79955E-1	4.45640E-7	2.75086E-3	-5.03081E-4
1.69955E-1	4.27236E-7	2.63726E-3	-4.55503E-4
1.59955E-1	4.09590E-7	2.52833E-3	-4.10995E-4
1.49955E-1	3.90890E-7	2.41290E-3	-3.67710E-4
1.39953E-1	3.75007E-7	2.31486E-3	-3.29239E-4
1.29955E-1	3.58858E-7	2.21517E-3	-2.92554E-4
1.19956E-1	3.42813E-7	2.11613E-3	-2.57970E-4
1.09959E-1	3.25444E-7	2.00891E-3	-2.24490E-4
9.99601E-2	3.09487E-7	1.91041E-3	-1.94070E-4
8.99584E-2	2.93377E-7	1.81097E-3	-1.65561E-4
7.99572E-2	2.78121E-7	1.71680E-3	-1.39502E-4
6.99592E-2	2.61999E-7	1.61728E-3	-1.14983E-4
5.99601E-2	2.47001E-7	1.52470E-3	-9.29075E-5
4.99501E-2	2.31760E-7	1.43062E-3	-7.26214E-5
3.99566E-2	2.16117E-7	1.33406E-3	-5.41711E-5
2.99563E-2	2.00771E-7	1.23933E-3	-3.77293E-5
1.99585E-2	1.85666E-7	1.14609E-3	-2.32461E-5
9.95874E-3	1.70189E-7	1.05055E-3	-1.06323E-5
-4.14848E-5	1.55224E-7	9.58173E-4	4.03959E-8
-9.86195E-3	1.39688E-7	8.62272E-4	8.64195E-6
-1.98646E-2	1.25184E-7	7.72741E-4	1.55998E-5
-2.98624E-2	1.09210E-7	6.74136E-4	2.04587E-5
-3.98612E-2	9.32712E-8	5.75748E-4	2.33232E-5
-4.98598E-2	7.74114E-8	4.77848E-4	2.42128E-5
-5.98695E-2	6.08841E-8	3.75828E-4	2.28665E-5
-6.98695E-2	4.43187E-8	2.73572E-4	1.94252E-5
-7.98697E-2	2.74937E-8	1.69714E-4	1.37754E-5
-8.98714E-2	1.03557E-8	6.39241E-5	5.83836E-6
-9.98783E-2	-7.36649E-9	-4.54722E-5	-4.61553E-6
-1.09885E-1	-2.45916E-8	-1.51800E-4	-1.69518E-5
-1.19887E-1	-4.25187E-8	-2.62461E-4	-3.19773E-5
-1.29892E-1	-6.10187E-8	-3.76659E-4	-4.97205E-5
-1.39880E-1	-8.01832E-8	-4.94958E-4	-7.03605E-5
-1.49884E-1	-9.96842E-8	-6.15335E-4	-9.37285E-5
-1.59883E-1	-1.19390E-7	-7.36975E-4	-1.19746E-4
-1.69885E-1	-1.40487E-7	-8.67204E-4	-1.49720E-4
-1.79885E-1	-1.61744E-7	-9.98420E-4	-1.82521E-4
-1.89885E-1	-1.82594E-7	-1.12712E-3	-2.17504E-4
-1.99885E-1	-2.03724E-7	-1.25756E-3	-2.55454E-4
-2.09894E-1	-2.27032E-7	-1.40143E-3	-2.98935E-4
-2.19892E-1	-2.49079E-7	-1.53752E-3	-3.43587E-4
-2.29891E-1	-2.73726E-7	-1.68967E-3	-3.94755E-4
-2.39895E-1	-2.97157E-7	-1.83430E-3	-4.47195E-4
-2.49894E-1	-3.21893E-7	-1.98699E-3	-5.04612E-4
-2.59892E-1	-3.45789E-7	-2.13450E-3	-5.63760E-4
-2.69891E-1	-3.72173E-7	-2.29736E-3	-6.30120E-4
-2.79891E-1	-3.98806E-7	-2.46177E-3	-7.00230E-4
-2.89890E-1	-4.25397E-7	-2.62591E-3	-7.73602E-4
-2.99887E-1	-4.52110E-7	-2.79080E-3	-8.50534E-4
-3.09885E-1	-4.80998E-7	-2.96912E-3	-9.35048E-4
-3.19888E-1	-5.09089E-7	-3.14252E-3	-1.02160E-3
-3.29889E-1	-5.41455E-7	-3.34231E-3	-1.12052E-3
-3.39887E-1	-5.71537E-7	-3.52801E-3	-1.21862E-3
-3.49893E-1	-6.00497E-7	-3.70677E-3	-1.31806E-3
-3.59893E-1	-6.34101E-7	-3.91420E-3	-1.43160E-3
-3.69893E-1	-6.65177E-7	-4.10603E-3	-1.54349E-3
-3.79890E-1	-6.96484E-7	-4.29928E-3	-1.65981E-3
-3.89892E-1	-7.34514E-7	-4.53404E-3	-1.79653E-3
-3.99897E-1	-7.68268E-7	-4.74240E-3	-1.92731E-3
-4.09894E-1	-8.02808E-7	-4.95560E-3	-2.06430E-3
-4.19895E-1	-8.39419E-7	-5.18160E-3	-2.21111E-3
-4.29894E-1	-8.79460E-7	-5.42877E-3	-2.37174E-3
-4.39892E-1	-9.22089E-7	-5.69191E-3	-2.54454E-3
-4.49891E-1	-9.64441E-7	-5.95334E-3	-2.72190E-3
-4.59893E-1	-1.00501E-6	-6.20377E-3	-2.89946E-3
-4.69895E-1	-1.05179E-6	-6.49253E-3	-3.10041E-3
-4.79894E-1	-1.10212E-6	-6.80321E-3	-3.31791E-3
-4.89893E-1	-1.15212E-6	-7.11185E-3	-3.54070E-3
-4.99897E-1	-1.21027E-6	-7.47080E-3	-3.79536E-3
-5.09897E-1	-1.27207E-6	-7.85228E-3	-4.06896E-3
-5.19897E-1	-1.33850E-6	-8.26235E-3	-4.36542E-3
-5.29897E-1	-1.41211E-6	-8.71673E-3	-4.69407E-3
-5.39896E-1	-1.49780E-6	-9.24568E-3	-5.07287E-3
-5.49896E-1	-1.59649E-6	-9.85488E-3	-5.50727E-3
-5.59896E-1	-1.71078E-6	-1.05604E-2	-6.00885E-3
-5.69893E-1	-1.84166E-6	-1.13683E-2	-6.58404E-3
-5.79891E-1	-2.00913E-6	-1.24020E-2	-7.30877E-3
-5.89890E-1	-2.21296E-6	-1.36602E-2	-8.18907E-3
-5.99888E-1	-2.46549E-6	-1.52191E-2	-9.27819E-3
-6.09894E-1	-2.77988E-6	-1.71598E-2	-1.06358E-2
-6.19895E-1	-3.18132E-6	-1.96378E-2	-1.23713E-2
-6.29891E-1	-3.70193E-6	-2.28514E-2	-1.46280E-2
-6.39925E-1	-4.38260E-6	-2.70531E-2	-1.75934E-2
-6.49933E-1	-5.27728E-6	-3.25758E-2	-2.15164E-2
-6.59932E-1	-6.45301E-6	-3.98334E-2	-2.67148E-2
-6.69931E-1	-8.01887E-6	-4.94992E-2	-3.37003E-2
-6.79935E-1	-1.01112E-5	-6.24148E-2	-4.31281E-2
-6.89934E-1	-1.29049E-5	-7.96599E-2	-5.58537E-2
-6.99933E-1	-1.66526E-5	-1.02794E-1	-7.31187E-2
-7.09930E-1	-2.16776E-5	-1.33812E-1	-9.65421E-2
-7.19928E-1	-2.84215E-5	-1.75441E-1	-1.28359E-1
-7.29925E-1	-3.74280E-5	-2.31037E-1	-1.71382E-1
-7.39923E-1	-4.94309E-5	-3.05129E-1	-2.29443E-1
-7.49923E-1	-6.53345E-5	-4.03299E-1	-3.07361E-1
-7.59924E-1	-8.62330E-5	-5.32302E-1	-4.11087E-1
-7.69931E-1	-1.13435E-4	-7.00216E-1	-5.47884E-1
-7.79930E-1	-1.48388E-4	-9.15975E-1	-7.26013E-1
-7.89938E-1	-1.92735E-4	-1.18972E+0	-9.55088E-1
-7.99939E-1	-2.47992E-4	-1.53081E+0	-1.24447E+0
-8.09935E-1	-3.15696E-4	-1.94874E+0	-1.60402E+0
-8.19936E-1	-3.97084E-4	-2.45114E+0	-2.04245E+0
-8.29942E-1	-4.93183E-4	-3.04434E+0	-2.56771E+0
-8.39941E-1	-6.04365E-4	-3.73065E+0	-3.18448E+0
-8.49943E-1	-7.30894E-4	-4.51169E+0	-3.89703E+0
-8.59941E-1	-8.72481E-4	-5.38569E+0	-4.70668E+0
-8.69939E-1	-1.02880E-3	-6.35062E+0	-5.61448E+0
-8.79936E-1	-1.19892E-3	-7.40074E+0	-6.61807E+0
-8.89934E-1	-1.38199E-3	-8.53080E+0	-7.71530E+0
-8.99934E-1	-1.57732E-3	-9.73654E+0	-8.90472E+0
-9.09932E-1	-1.78385E-3	-1.10114E+1	-1.01826E+1
-9.19932E-1	-2.00104E-3	-1.23521E+1	-1.15479E+1
-9.29930E-1	-2.22796E-3	-1.37528E+1	-1.29971E+1
-9.39938E-1	-2.46410E-3	-1.52105E+1	-1.45294E+1
-9.49934E-1	-2.70781E-3	-1.67149E+1	-1.61362E+1
-9.59932E-1	-2.95875E-3	-1.82639E+1	-1.78172E+1
-9.69935E-1	-3.21663E-3	-1.98557E+1	-1.95719E+1
-9.79933E-1	-3.48055E-3	-2.14849E+1	-2.13961E+1
-9.89931E-1	-3.74994E-3	-2.31478E+1	-2.32873E+1
-9.99932E-1	-4.02508E-3	-2.48462E+1	-2.52485E+1
-1.00993E+0	-4.30465E-3	-2.65719E+1	-2.72721E+1
