1.00997E+0	4.46916E-3	2.75874E+1	-2.88133E+1
9.99992E-1	2.34053E-3	1.44477E+1	-1.49406E+1
9.89983E-1	2.34859E-3	1.44975E+1	-1.48420E+1
9.79972E-1	2.34209E-3	1.44573E+1	-1.46513E+1
9.69997E-1	2.34192E-3	1.44563E+1	-1.45011E+1
9.59981E-1	2.31614E-3	1.42972E+1	-1.41934E+1
9.49974E-1	2.33570E-3	1.44179E+1	-1.41640E+1
9.40002E-1	2.33691E-3	1.44254E+1	-1.40226E+1
9.29987E-1	2.33367E-3	1.44054E+1	-1.38540E+1
9.19976E-1	2.33588E-3	1.44190E+1	-1.37178E+1
9.09965E-1	2.32812E-3	1.43711E+1	-1.35235E+1
8.99987E-1	2.32498E-3	1.43517E+1	-1.33572E+1
8.89975E-1	2.31671E-3	1.43007E+1	-1.31616E+1
8.79964E-1	2.31817E-3	1.43097E+1	-1.30217E+1
8.69987E-1	2.32377E-3	1.43443E+1	-1.29052E+1
8.59972E-1	2.31467E-3	1.42881E+1	-1.27067E+1
8.49963E-1	2.32750E-3	1.43673E+1	-1.26284E+1
8.39952E-1	2.31012E-3	1.42600E+1	-1.23865E+1
8.29975E-1	2.32379E-3	1.43444E+1	-1.23118E+1
8.19964E-1	2.31329E-3	1.42796E+1	-1.21083E+1
8.09955E-1	2.32036E-3	1.43232E+1	-1.19971E+1
7.99978E-1	2.30698E-3	1.42406E+1	-1.17810E+1
7.89968E-1	2.31881E-3	1.43136E+1	-1.16932E+1
7.79952E-1	2.30533E-3	1.42304E+1	-1.14778E+1
7.69980E-1	2.29926E-3	1.41930E+1	-1.13012E+1
7.59969E-1	2.29690E-3	1.41784E+1	-1.11429E+1
7.49957E-1	2.28808E-3	1.41240E+1	-1.09538E+1
7.39946E-1	2.29388E-3	1.41598E+1	-1.08350E+1
7.29966E-1	2.30282E-3	1.42149E+1	-1.07305E+1
7.19955E-1	2.29349E-3	1.41573E+1	-1.05405E+1
7.09948E-1	2.30157E-3	1.42072E+1	-1.04306E+1
6.99969E-1	2.29230E-3	1.41500E+1	-1.02426E+1
6.89960E-1	2.29121E-3	1.41433E+1	-1.00913E+1
6.79949E-1	2.29537E-3	1.41690E+1	-9.96294E+0
6.69980E-1	2.28432E-3	1.41007E+1	-9.76961E+0
6.59968E-1	2.29225E-3	1.41497E+1	-9.65703E+0
6.49959E-1	2.29000E-3	1.41358E+1	-9.50123E+0
6.39946E-1	2.28761E-3	1.41210E+1	-9.34510E+0
6.29964E-1	2.29191E-3	1.41476E+1	-9.21662E+0
6.19956E-1	2.28260E-3	1.40901E+1	-9.03336E+0
6.09942E-1	2.28733E-3	1.41193E+1	-8.90586E+0
5.99967E-1	2.27767E-3	1.40597E+1	-8.72322E+0
5.89958E-1	2.27787E-3	1.40609E+1	-8.57844E+0
5.79948E-1	2.27132E-3	1.40205E+1	-8.40864E+0
5.69973E-1	2.26887E-3	1.40054E+1	-8.25510E+0
5.59961E-1	2.27356E-3	1.40343E+1	-8.12686E+0
5.49953E-1	2.26254E-3	1.39663E+1	-7.94292E+0
5.39941E-1	2.26595E-3	1.39873E+1	-7.81007E+0
5.29963E-1	2.26124E-3	1.39583E+1	-7.64981E+0
5.19953E-1	2.25724E-3	1.39336E+1	-7.49204E+0
5.09944E-1	2.25627E-3	1.39276E+1	-7.34467E+0
4.99968E-1	2.24892E-3	1.38822E+1	-7.17753E+0
4.89953E-1	2.25622E-3	1.39273E+1	-7.05658E+0
4.79940E-1	2.24329E-3	1.38475E+1	-6.87276E+0
4.69965E-1	2.25179E-3	1.38999E+1	-6.75541E+0
4.59953E-1	2.24728E-3	1.38721E+1	-6.59826E+0
4.49938E-1	2.25514E-3	1.39206E+1	-6.47716E+0
4.39925E-1	2.23965E-3	1.38250E+1	-6.28952E+0
4.29951E-1	2.23532E-3	1.37983E+1	-6.13504E+0
4.19940E-1	2.24082E-3	1.38322E+1	-6.00693E+0
4.09931E-1	2.25414E-3	1.39144E+1	-5.89862E+0
3.99954E-1	2.24429E-3	1.38536E+1	-5.72991E+0
3.89941E-1	2.25023E-3	1.38903E+1	-5.60124E+0
3.79928E-1	2.23496E-3	1.37960E+1	-5.42038E+0
3.69914E-1	2.21940E-3	1.37000E+1	-5.24077E+0
3.59939E-1	2.23468E-3	1.37943E+1	-5.13455E+0
3.49925E-1	2.22303E-3	1.37224E+1	-4.96568E+0
3.39913E-1	2.22559E-3	1.37382E+1	-4.82916E+0
3.29936E-1	2.21657E-3	1.36825E+1	-4.66842E+0
3.19923E-1	2.22729E-3	1.37487E+1	-4.54863E+0
3.09908E-1	2.23012E-3	1.37662E+1	-4.41184E+0
2.99937E-1	2.22135E-3	1.37120E+1	-4.25310E+0
2.89922E-1	2.22525E-3	1.37361E+1	-4.11830E+0
2.79914E-1	2.21927E-3	1.36992E+1	-3.96546E+0
2.69902E-1	2.22738E-3	1.37493E+1	-3.83759E+0
2.59928E-1	2.22015E-3	1.37046E+1	-3.68378E+0
2.49916E-1	2.21250E-3	1.36574E+1	-3.52968E+0
2.39905E-1	2.21865E-3	1.36954E+1	-3.39771E+0
2.29932E-1	2.20729E-3	1.36252E+1	-3.23979E+0
2.19917E-1	2.21042E-3	1.36446E+1	-3.10307E+0
2.09904E-1	2.20479E-3	1.36098E+1	-2.95424E+0
1.99923E-1	2.20634E-3	1.36194E+1	-2.81575E+0
1.89911E-1	2.20226E-3	1.35942E+1	-2.66979E+0
1.79901E-1	2.20361E-3	1.36025E+1	-2.53062E+0
1.69890E-1	2.19967E-3	1.35782E+1	-2.38552E+0
1.59911E-1	2.19748E-3	1.35647E+1	-2.24317E+0
1.49899E-1	2.19356E-3	1.35405E+1	-2.09897E+0
1.39886E-1	2.18950E-3	1.35154E+1	-1.95514E+0
1.29907E-1	2.17477E-3	1.34245E+1	-1.80345E+0
1.19897E-1	2.18922E-3	1.35137E+1	-1.67555E+0
1.09884E-1	2.18118E-3	1.34641E+1	-1.52998E+0
9.99117E-2	2.17899E-3	1.34506E+1	-1.38973E+0
8.98969E-2	2.19237E-3	1.35331E+1	-1.25811E+0
7.98857E-2	2.17863E-3	1.34483E+1	-1.11099E+0
6.98767E-2	2.16851E-3	1.33859E+1	-9.67280E-1
5.99012E-2	2.19262E-3	1.35347E+1	-8.38412E-1
4.98850E-2	2.18578E-3	1.34925E+1	-6.96041E-1
3.98700E-2	2.18015E-3	1.34577E+1	-5.54870E-1
2.98963E-2	2.16728E-3	1.33783E+1	-4.13610E-1
1.98860E-2	2.17131E-3	1.34031E+1	-2.75631E-1
9.87244E-3	2.14522E-3	1.32421E+1	-1.35193E-1
-1.03712E-4	2.16839E-3	1.33851E+1	1.43557E-3
-1.02096E-2	2.15876E-3	1.33257E+1	1.40693E-1
-2.02205E-2	2.15920E-3	1.33284E+1	2.78704E-1
-3.02339E-2	2.14566E-3	1.32448E+1	4.14108E-1
-4.02112E-2	2.15546E-3	1.33053E+1	5.53281E-1
-5.02198E-2	2.14427E-3	1.32362E+1	6.87405E-1
-6.02353E-2	2.14297E-3	1.32282E+1	8.23997E-1
-7.02450E-2	2.14061E-3	1.32136E+1	9.59868E-1
-8.02178E-2	2.12683E-3	1.31286E+1	1.08909E+0
-9.02286E-2	2.12718E-3	1.31307E+1	1.22520E+0
-1.00239E-1	2.12593E-3	1.31230E+1	1.36033E+0
-1.10250E-1	2.13670E-3	1.31895E+1	1.50377E+0
-1.20229E-1	2.12323E-3	1.31064E+1	1.62954E+0
-1.30239E-1	2.12312E-3	1.31057E+1	1.76512E+0
-1.40253E-1	2.13478E-3	1.31777E+1	1.91128E+0
-1.50230E-1	2.11619E-3	1.30629E+1	2.02941E+0
-1.60239E-1	2.12242E-3	1.31014E+1	2.17099E+0
-1.70253E-1	2.11777E-3	1.30727E+1	2.30161E+0
-1.80266E-1	2.10584E-3	1.29990E+1	2.42325E+0
-1.90243E-1	2.10637E-3	1.30023E+1	2.55801E+0
-2.00254E-1	2.11212E-3	1.30378E+1	2.69997E+0
-2.10268E-1	2.10010E-3	1.29636E+1	2.81885E+0
-2.20280E-1	2.09621E-3	1.29396E+1	2.94760E+0
-2.30253E-1	2.08529E-3	1.28722E+1	3.06500E+0
-2.40261E-1	2.09038E-3	1.29036E+1	3.20603E+0
-2.50272E-1	2.07639E-3	1.28172E+1	3.31726E+0
-2.60249E-1	2.07806E-3	1.28275E+1	3.45228E+0
-2.70261E-1	2.07152E-3	1.27872E+1	3.57381E+0
-2.80273E-1	2.07471E-3	1.28069E+1	3.71191E+0
-2.90281E-1	2.06190E-3	1.27278E+1	3.82072E+0
-3.00259E-1	2.06116E-3	1.27232E+1	3.95063E+0
-3.10270E-1	2.05706E-3	1.26979E+1	4.07423E+0
-3.20280E-1	2.04594E-3	1.26293E+1	4.18294E+0
-3.30291E-1	2.04788E-3	1.26412E+1	4.31777E+0
-3.40266E-1	2.03980E-3	1.25914E+1	4.43062E+0
-3.50282E-1	2.02714E-3	1.25132E+1	4.53273E+0
-3.60292E-1	2.03141E-3	1.25396E+1	4.67208E+0
-3.70265E-1	2.02367E-3	1.24918E+1	4.78312E+0
-3.80279E-1	2.01037E-3	1.24097E+1	4.88019E+0
-3.90293E-1	2.01635E-3	1.24466E+1	5.02360E+0
-4.00302E-1	1.99458E-3	1.23122E+1	5.09680E+0
-4.10276E-1	1.99153E-3	1.22934E+1	5.21581E+0
-4.20285E-1	1.98135E-3	1.22306E+1	5.31574E+0
-4.30296E-1	1.98561E-3	1.22569E+1	5.45406E+0
-4.40307E-1	1.97552E-3	1.21946E+1	5.55259E+0
-4.50284E-1	1.97133E-3	1.21687E+1	5.66636E+0
-4.60294E-1	1.95816E-3	1.20874E+1	5.75363E+0
-4.70305E-1	1.95729E-3	1.20820E+1	5.87616E+0
-4.80279E-1	1.94680E-3	1.20173E+1	5.96861E+0
-4.90292E-1	1.93303E-3	1.19323E+1	6.04995E+0
-5.00305E-1	1.91567E-3	1.18251E+1	6.11806E+0
-5.10317E-1	1.90934E-3	1.17860E+1	6.21988E+0
-5.20291E-1	1.90964E-3	1.17879E+1	6.34244E+0
-5.30300E-1	1.89251E-3	1.16822E+1	6.40646E+0
-5.40316E-1	1.87995E-3	1.16046E+1	6.48414E+0
-5.50329E-1	1.85665E-3	1.14608E+1	6.52245E+0
-5.60301E-1	1.85395E-3	1.14441E+1	6.63098E+0
-5.70311E-1	1.83428E-3	1.13227E+1	6.67784E+0
-5.80318E-1	1.81675E-3	1.12145E+1	6.73007E+0
-5.90331E-1	1.80393E-3	1.11354E+1	6.79788E+0
-6.00307E-1	1.79126E-3	1.10572E+1	6.86421E+0
-6.10318E-1	1.76904E-3	1.09200E+1	6.89211E+0
-6.20330E-1	1.74114E-3	1.07478E+1	6.89469E+0
-6.30301E-1	1.72053E-3	1.06206E+1	6.92259E+0
-6.40312E-1	1.68463E-3	1.03990E+1	6.88580E+0
-6.50325E-1	1.66018E-3	1.02480E+1	6.89198E+0
-6.60334E-1	1.62678E-3	1.00419E+1	6.85727E+0
-6.70307E-1	1.57997E-3	9.75290E+0	6.76054E+0
-6.80315E-1	1.54349E-3	9.52772E+0	6.70305E+0
-6.90329E-1	1.48566E-3	9.17074E+0	6.54688E+0
-7.00339E-1	1.43216E-3	8.84049E+0	6.40263E+0
-7.10315E-1	1.36749E-3	8.44130E+0	6.20060E+0
-7.20322E-1	1.29409E-3	7.98821E+0	5.95045E+0
-7.30336E-1	1.21836E-3	7.52074E+0	5.68011E+0
-7.40311E-1	1.12698E-3	6.95667E+0	5.32585E+0
-7.50321E-1	1.02396E-3	6.32074E+0	4.90443E+0
-7.60330E-1	9.14290E-4	5.64377E+0	4.43756E+0
-7.70339E-1	7.86849E-4	4.85709E+0	3.86929E+0
-7.80311E-1	6.59499E-4	4.07098E+0	3.28504E+0
-7.90323E-1	5.20693E-4	3.21415E+0	2.62691E+0
-8.00332E-1	3.74648E-4	2.31264E+0	1.91404E+0
-8.10344E-1	2.11055E-4	1.30281E+0	1.09175E+0
-8.20323E-1	4.74306E-5	2.92781E-1	2.48372E-1
-8.30332E-1	-1.31510E-4	-8.11790E-1	-6.97058E-1
-8.40340E-1	-3.16805E-4	-1.95559E+0	-1.69944E+0
-8.50313E-1	-5.05034E-4	-3.11749E+0	-2.74131E+0
-8.60323E-1	-7.03608E-4	-4.34326E+0	-3.86412E+0
-8.70336E-1	-9.08180E-4	-5.60605E+0	-5.04565E+0
-8.80341E-1	-1.11526E-3	-6.88432E+0	-6.26737E+0
-8.90318E-1	-1.33067E-3	-8.21401E+0	-7.56265E+0
-9.00330E-1	-1.55140E-3	-9.57654E+0	-8.91629E+0
-9.10342E-1	-1.77886E-3	-1.09806E+1	-1.03372E+1
-9.20350E-1	-2.00746E-3	-1.23917E+1	-1.17939E+1
-9.30327E-1	-2.24079E-3	-1.38320E+1	-1.33075E+1
-9.40341E-1	-2.48002E-3	-1.53088E+1	-1.48867E+1
-9.50353E-1	-2.72178E-3	-1.68011E+1	-1.65119E+1
-9.60324E-1	-2.96725E-3	-1.83164E+1	-1.81899E+1
-9.70340E-1	-3.21550E-3	-1.98488E+1	-1.99173E+1
-9.80349E-1	-3.46657E-3	-2.13986E+1	-2.16940E+1
-9.90359E-1	-3.72127E-3	-2.29708E+1	-2.35257E+1
-1.00033E+0	-3.97640E-3	-2.45457E+1	-2.53917E+1
-1.01034E+0	-4.23641E-3	-2.61507E+1	-2.73227E+1
