1.00998E+0	1.58650E-5	9.79321E-2	-9.99085E-2
9.99979E-1	1.58113E-5	9.76006E-2	-9.85844E-2
9.89983E-1	1.56314E-5	9.64901E-2	-9.64885E-2
9.79981E-1	1.50852E-5	9.31185E-2	-9.21761E-2
9.69985E-1	1.48296E-5	9.15407E-2	-8.96900E-2
9.59982E-1	1.45318E-5	8.97025E-2	-8.69826E-2
9.49983E-1	1.44658E-5	8.92951E-2	-8.56856E-2
9.39982E-1	1.40903E-5	8.69772E-2	-8.25828E-2
9.29977E-1	1.39382E-5	8.60383E-2	-8.08218E-2
9.19979E-1	1.36097E-5	8.40105E-2	-7.80686E-2
9.09977E-1	1.33784E-5	8.25827E-2	-7.59074E-2
8.99979E-1	1.31208E-5	8.09926E-2	-7.36279E-2
8.89976E-1	1.28954E-5	7.96012E-2	-7.15588E-2
8.79980E-1	1.26247E-5	7.79302E-2	-6.92698E-2
8.69947E-1	1.23864E-5	7.64593E-2	-6.71874E-2
8.59947E-1	1.22170E-5	7.54136E-2	-6.55067E-2
8.49944E-1	1.20414E-5	7.43296E-2	-6.38142E-2
8.39945E-1	1.18624E-5	7.32247E-2	-6.21260E-2
8.29946E-1	1.16245E-5	7.17562E-2	-6.01553E-2
8.19939E-1	1.14422E-5	7.06309E-2	-5.84980E-2
8.09944E-1	1.12346E-5	6.93494E-2	-5.67365E-2
7.99940E-1	1.09816E-5	6.77877E-2	-5.47738E-2
7.89943E-1	1.08172E-5	6.67728E-2	-5.32795E-2
7.79936E-1	1.05701E-5	6.52475E-2	-5.14029E-2
7.69936E-1	1.03594E-5	6.39469E-2	-4.97324E-2
7.59938E-1	1.01700E-5	6.27778E-2	-4.81891E-2
7.49932E-1	9.98216E-6	6.16183E-2	-4.66763E-2
7.39934E-1	9.83351E-6	6.07007E-2	-4.53682E-2
7.29935E-1	9.61461E-6	5.93494E-2	-4.37588E-2
7.19936E-1	9.43199E-6	5.82222E-2	-4.23396E-2
7.09939E-1	9.24164E-6	5.70472E-2	-4.09091E-2
6.99936E-1	9.08136E-6	5.60578E-2	-3.96332E-2
6.89937E-1	8.89698E-6	5.49196E-2	-3.82738E-2
6.79937E-1	8.69267E-6	5.36585E-2	-3.68529E-2
6.69929E-1	8.54490E-6	5.27463E-2	-3.56932E-2
6.59928E-1	8.38618E-6	5.17665E-2	-3.45073E-2
6.49932E-1	8.24251E-6	5.08797E-2	-3.34024E-2
6.39936E-1	8.02857E-6	4.95591E-2	-3.20350E-2
6.29932E-1	7.86705E-6	4.85620E-2	-3.08998E-2
6.19927E-1	7.68474E-6	4.74367E-2	-2.97043E-2
6.09928E-1	7.51309E-6	4.63771E-2	-2.85724E-2
5.99925E-1	7.37707E-6	4.55375E-2	-2.75950E-2
5.89928E-1	7.15543E-6	4.41693E-2	-2.63199E-2
5.79928E-1	7.07490E-6	4.36722E-2	-2.55826E-2
5.69929E-1	6.88604E-6	4.25064E-2	-2.44703E-2
5.59930E-1	6.74597E-6	4.16418E-2	-2.35520E-2
5.49931E-1	6.58910E-6	4.06735E-2	-2.25935E-2
5.39931E-1	6.40647E-6	3.95461E-2	-2.15678E-2
5.29931E-1	6.23443E-6	3.84841E-2	-2.05999E-2
5.19928E-1	6.09472E-6	3.76217E-2	-1.97582E-2
5.09927E-1	5.99261E-6	3.69914E-2	-1.90535E-2
4.99929E-1	5.80901E-6	3.58581E-2	-1.81076E-2
4.89922E-1	5.68041E-6	3.50643E-2	-1.73523E-2
4.79922E-1	5.54969E-6	3.42573E-2	-1.66069E-2
4.69925E-1	5.38724E-6	3.32546E-2	-1.57850E-2
4.59928E-1	5.26264E-6	3.24854E-2	-1.50919E-2
4.49925E-1	5.12305E-6	3.16238E-2	-1.43720E-2
4.39932E-1	4.97175E-6	3.06898E-2	-1.36378E-2
4.29930E-1	4.83235E-6	2.98293E-2	-1.29541E-2
4.19928E-1	4.66805E-6	2.88151E-2	-1.22225E-2
4.09931E-1	4.57032E-6	2.82119E-2	-1.16817E-2
3.99931E-1	4.40721E-6	2.72050E-2	-1.09900E-2
3.89932E-1	4.28301E-6	2.64383E-2	-1.04133E-2
3.79928E-1	4.12371E-6	2.54550E-2	-9.76875E-3
3.69929E-1	4.01193E-6	2.47650E-2	-9.25383E-3
3.59931E-1	3.86957E-6	2.38862E-2	-8.68424E-3
3.49931E-1	3.72690E-6	2.30056E-2	-8.13167E-3
3.39924E-1	3.62562E-6	2.23804E-2	-7.68447E-3
3.29925E-1	3.49857E-6	2.15961E-2	-7.19707E-3
3.19923E-1	3.36657E-6	2.07813E-2	-6.71557E-3
3.09919E-1	3.25080E-6	2.00667E-2	-6.28186E-3
2.99922E-1	3.13816E-6	1.93714E-2	-5.86858E-3
2.89920E-1	3.01212E-6	1.85933E-2	-5.44503E-3
2.79928E-1	2.90551E-6	1.79352E-2	-5.07129E-3
2.69924E-1	2.78380E-6	1.71840E-2	-4.68521E-3
2.59926E-1	2.65922E-6	1.64149E-2	-4.30977E-3
2.49928E-1	2.54458E-6	1.57073E-2	-3.96534E-3
2.39928E-1	2.42951E-6	1.49970E-2	-3.63454E-3
2.29923E-1	2.32600E-6	1.43580E-2	-3.33459E-3
2.19927E-1	2.21220E-6	1.36556E-2	-3.03356E-3
2.09926E-1	2.09895E-6	1.29565E-2	-2.74738E-3
1.99917E-1	2.00148E-6	1.23548E-2	-2.49489E-3
1.89921E-1	1.88824E-6	1.16558E-2	-2.23604E-3
1.79919E-1	1.78697E-6	1.10307E-2	-2.00468E-3
1.69921E-1	1.68685E-6	1.04127E-2	-1.78720E-3
1.59916E-1	1.58850E-6	9.80556E-3	-1.58390E-3
1.49922E-1	1.48991E-6	9.19698E-3	-1.39276E-3
1.39920E-1	1.39578E-6	8.61593E-3	-1.21772E-3
1.29920E-1	1.29824E-6	8.01383E-3	-1.05167E-3
1.19923E-1	1.20279E-6	7.42463E-3	-8.99378E-4
1.09924E-1	1.10482E-6	6.81988E-3	-7.57241E-4
9.99246E-2	1.01755E-6	6.28117E-3	-6.33984E-4
8.99179E-2	9.24351E-7	5.70587E-3	-5.18242E-4
7.99193E-2	8.29066E-7	5.11769E-3	-4.13134E-4
6.99203E-2	7.36608E-7	4.54696E-3	-3.21136E-4
5.99234E-2	6.49966E-7	4.01214E-3	-2.42849E-4
4.99170E-2	5.60104E-7	3.45743E-3	-1.74328E-4
3.99225E-2	4.73362E-7	2.92199E-3	-1.17831E-4
2.99199E-2	3.84211E-7	2.37167E-3	-7.16770E-5
1.99234E-2	2.97382E-7	1.83569E-3	-3.69426E-5
9.92179E-3	2.09997E-7	1.29628E-3	-1.29913E-5
-8.10623E-5	1.24089E-7	7.65981E-4	6.27194E-8
-9.93657E-3	3.82769E-8	2.36277E-4	2.37150E-6
-1.99399E-2	-4.35824E-8	-2.69027E-4	-5.41856E-6
-2.99411E-2	-1.39226E-7	-8.59420E-4	-2.59919E-5
-3.99404E-2	-2.30072E-7	-1.42020E-3	-5.72962E-5
-4.99372E-2	-3.20524E-7	-1.97854E-3	-9.98009E-5
-5.99456E-2	-4.08642E-7	-2.52248E-3	-1.52739E-4
-6.99449E-2	-5.05006E-7	-3.11732E-3	-2.20243E-4
-7.99417E-2	-6.21058E-7	-3.83369E-3	-3.09567E-4
-8.99408E-2	-6.94541E-7	-4.28729E-3	-3.89497E-4
-9.99413E-2	-8.05069E-7	-4.96956E-3	-5.01681E-4
-1.09940E-1	-8.85380E-7	-5.46531E-3	-6.06925E-4
-1.19939E-1	-9.87476E-7	-6.09553E-3	-7.38477E-4
-1.29942E-1	-1.09028E-6	-6.73012E-3	-8.83359E-4
-1.39939E-1	-1.19812E-6	-7.39580E-3	-1.04542E-3
-1.49943E-1	-1.30538E-6	-8.05790E-3	-1.22043E-3
-1.59942E-1	-1.42407E-6	-8.79056E-3	-1.42018E-3
-1.69946E-1	-1.51883E-6	-9.37549E-3	-1.60942E-3
-1.79947E-1	-1.62100E-6	-1.00062E-2	-1.81877E-3
-1.89949E-1	-1.73782E-6	-1.07273E-2	-2.05822E-3
-1.99948E-1	-1.85722E-6	-1.14643E-2	-2.31542E-3
-2.09954E-1	-1.98779E-6	-1.22703E-2	-2.60222E-3
-2.19954E-1	-2.08734E-6	-1.28848E-2	-2.86269E-3
-2.29956E-1	-2.21943E-6	-1.37002E-2	-3.18226E-3
-2.39958E-1	-2.35272E-6	-1.45230E-2	-3.52010E-3
-2.49958E-1	-2.52405E-6	-1.55806E-2	-3.93382E-3
-2.59955E-1	-2.61701E-6	-1.61544E-2	-4.24183E-3
-2.69956E-1	-2.75372E-6	-1.69983E-2	-4.63514E-3
-2.79955E-1	-2.88994E-6	-1.78391E-2	-5.04460E-3
-2.89955E-1	-3.00457E-6	-1.85467E-2	-5.43204E-3
-2.99953E-1	-3.14903E-6	-1.94385E-2	-5.88952E-3
-3.09952E-1	-3.28030E-6	-2.02488E-2	-6.33954E-3
-3.19952E-1	-3.43440E-6	-2.12000E-2	-6.85150E-3
-3.29952E-1	-3.63625E-6	-2.24460E-2	-7.48091E-3
-3.39952E-1	-3.79336E-6	-2.34158E-2	-8.04066E-3
-3.49960E-1	-4.37741E-6	-2.70210E-2	-9.55180E-3
-3.59956E-1	-4.34707E-6	-2.68338E-2	-9.75654E-3
-3.69952E-1	-4.50093E-6	-2.77835E-2	-1.03824E-2
-3.79951E-1	-4.60693E-6	-2.84378E-2	-1.09141E-2
-3.89957E-1	-4.89515E-6	-3.02170E-2	-1.19023E-2
-3.99957E-1	-5.05360E-6	-3.11951E-2	-1.26027E-2
-4.09956E-1	-5.24794E-6	-3.23947E-2	-1.34145E-2
-4.19955E-1	-5.31440E-6	-3.28049E-2	-1.39158E-2
-4.29955E-1	-5.59947E-6	-3.45646E-2	-1.50113E-2
-4.39954E-1	-5.75029E-6	-3.54956E-2	-1.57742E-2
-4.49951E-1	-5.96227E-6	-3.68041E-2	-1.67273E-2
-4.59953E-1	-6.20731E-6	-3.83167E-2	-1.78019E-2
-4.69953E-1	-6.51634E-6	-4.02243E-2	-1.90945E-2
-4.79953E-1	-6.77550E-6	-4.18241E-2	-2.02764E-2
-4.89954E-1	-7.08862E-6	-4.37569E-2	-2.16554E-2
-4.99961E-1	-7.61162E-6	-4.69853E-2	-2.37281E-2
-5.09959E-1	-8.12381E-6	-5.01470E-2	-2.58312E-2
-5.19959E-1	-8.49754E-6	-5.24540E-2	-2.75494E-2
-5.29957E-1	-8.93540E-6	-5.51568E-2	-2.95260E-2
-5.39961E-1	-9.48096E-6	-5.85244E-2	-3.19201E-2
-5.49964E-1	-1.01763E-5	-6.28167E-2	-3.48959E-2
-5.59962E-1	-1.07810E-5	-6.65494E-2	-3.76415E-2
-5.69958E-1	-1.15904E-5	-7.15457E-2	-4.11899E-2
-5.79959E-1	-1.26219E-5	-7.79130E-2	-4.56428E-2
-5.89958E-1	-1.37498E-5	-8.48753E-2	-5.05787E-2
-5.99954E-1	-1.52890E-5	-9.43765E-2	-5.71935E-2
-6.09956E-1	-1.69903E-5	-1.04878E-1	-6.46174E-2
-6.19955E-1	-1.91437E-5	-1.18171E-1	-7.40007E-2
-6.29955E-1	-2.16528E-5	-1.33659E-1	-8.50498E-2
-6.39989E-1	-2.50024E-5	-1.54336E-1	-9.97709E-2
-6.49993E-1	-2.93372E-5	-1.81094E-1	-1.18899E-1
-6.59996E-1	-3.49187E-5	-2.15548E-1	-1.43697E-1
-6.69993E-1	-4.19973E-5	-2.59243E-1	-1.75445E-1
-6.79996E-1	-5.11340E-5	-3.15642E-1	-2.16803E-1
-6.89995E-1	-6.27269E-5	-3.87203E-1	-2.69867E-1
-6.99991E-1	-7.79724E-5	-4.81311E-1	-3.40317E-1
-7.09988E-1	-9.80255E-5	-6.05096E-1	-4.33950E-1
-7.19991E-1	-1.23746E-4	-7.63864E-1	-5.55531E-1
-7.29990E-1	-1.57929E-4	-9.74870E-1	-7.18834E-1
-7.39994E-1	-2.01716E-4	-1.24516E+0	-9.30718E-1
-7.49990E-1	-2.59022E-4	-1.59890E+0	-1.21127E+0
-7.59996E-1	-3.32561E-4	-2.05285E+0	-1.57591E+0
-7.69997E-1	-4.26528E-4	-2.63289E+0	-2.04779E+0
-7.79995E-1	-5.45980E-4	-3.37025E+0	-2.65533E+0
-7.90002E-1	-6.95602E-4	-4.29384E+0	-3.42641E+0
-8.00008E-1	-8.80238E-4	-5.43357E+0	-4.39081E+0
-8.10006E-1	-1.10594E-3	-6.82679E+0	-5.58560E+0
-8.20007E-1	-1.37422E-3	-8.48284E+0	-7.02625E+0
-8.30016E-1	-1.68719E-3	-1.04148E+1	-8.73173E+0
-8.40011E-1	-2.04843E-3	-1.26446E+1	-1.07289E+1
-8.50013E-1	-2.45836E-3	-1.51751E+1	-1.30293E+1
-8.60006E-1	-2.91447E-3	-1.79906E+1	-1.56283E+1
-8.70008E-1	-3.41597E-3	-2.10862E+1	-1.85305E+1
-8.80004E-1	-3.96080E-3	-2.44494E+1	-2.17329E+1
-8.90002E-1	-4.54554E-3	-2.80589E+1	-2.52247E+1
-9.00004E-1	-5.16789E-3	-3.19006E+1	-2.90006E+1
-9.10004E-1	-5.82427E-3	-3.59523E+1	-3.30472E+1
-9.20002E-1	-6.51226E-3	-4.01991E+1	-3.73569E+1
-9.30001E-1	-7.22917E-3	-4.46245E+1	-4.19200E+1
-9.40007E-1	-7.97403E-3	-4.92224E+1	-4.67368E+1
-9.50008E-1	-8.74298E-3	-5.39690E+1	-5.17889E+1
-9.60006E-1	-9.53402E-3	-5.88520E+1	-5.70689E+1
-9.70015E-1	-1.03463E-2	-6.38660E+1	-6.25768E+1
-9.80013E-1	-1.11775E-2	-6.89969E+1	-6.83009E+1
-9.90012E-1	-1.20256E-2	-7.42321E+1	-7.42330E+1
-1.00001E+0	-1.28900E-2	-7.95679E+1	-8.03724E+1
-1.01001E+0	-1.37704E-2	-8.50025E+1	-8.67205E+1
