Efficiency(%)	JSC(mA/cm^2)	VOC(V)	FF				 
1.00997E+0	1.53906E-6	9.50037E-3	-9.69201E-3
9.99971E-1	3.69391E-3	2.28019E+1	-2.30316E+1
9.89975E-1	3.70009E-3	2.28401E+1	-2.28395E+1
9.79975E-1	3.69254E-3	2.27935E+1	-2.25626E+1
9.69977E-1	3.68773E-3	2.27638E+1	-2.23034E+1
9.59972E-1	3.69219E-3	2.27913E+1	-2.21000E+1
9.49974E-1	3.68615E-3	2.27540E+1	-2.18341E+1
9.39975E-1	3.68270E-3	2.27327E+1	-2.15840E+1
9.29973E-1	3.69175E-3	2.27886E+1	-2.14068E+1
9.19972E-1	3.68008E-3	2.27165E+1	-2.11097E+1
9.09972E-1	3.69004E-3	2.27780E+1	-2.09367E+1
8.99973E-1	3.69588E-3	2.28141E+1	-2.07394E+1
8.89971E-1	3.68605E-3	2.27534E+1	-2.04544E+1
8.79974E-1	3.69099E-3	2.27839E+1	-2.02517E+1
8.69941E-1	3.67840E-3	2.27062E+1	-1.99526E+1
8.59939E-1	3.68366E-3	2.27386E+1	-1.97514E+1
8.49938E-1	3.67964E-3	2.27138E+1	-1.95003E+1
8.39937E-1	3.68404E-3	2.27410E+1	-1.92939E+1
8.29942E-1	3.68263E-3	2.27323E+1	-1.90570E+1
8.19935E-1	3.67308E-3	2.26733E+1	-1.87784E+1
8.09940E-1	3.67795E-3	2.27034E+1	-1.85741E+1
7.99939E-1	3.66890E-3	2.26475E+1	-1.82996E+1
7.89940E-1	3.68302E-3	2.27347E+1	-1.81404E+1
7.79933E-1	3.68004E-3	2.27163E+1	-1.78962E+1
7.69932E-1	3.68001E-3	2.27161E+1	-1.76665E+1
7.59935E-1	3.68007E-3	2.27165E+1	-1.74374E+1
7.49938E-1	3.66884E-3	2.26472E+1	-1.71555E+1
7.39932E-1	3.67100E-3	2.26605E+1	-1.69366E+1
7.29932E-1	3.67529E-3	2.26870E+1	-1.67272E+1
7.19936E-1	3.67291E-3	2.26723E+1	-1.64875E+1
7.09934E-1	3.65988E-3	2.25919E+1	-1.62007E+1
6.99931E-1	3.66374E-3	2.26157E+1	-1.59893E+1
6.89931E-1	3.66782E-3	2.26409E+1	-1.57784E+1
6.79933E-1	3.66336E-3	2.26133E+1	-1.55309E+1
6.69930E-1	3.67025E-3	2.26559E+1	-1.53312E+1
6.59934E-1	3.65989E-3	2.25919E+1	-1.50598E+1
6.49935E-1	3.64903E-3	2.25249E+1	-1.47876E+1
6.39937E-1	3.66761E-3	2.26396E+1	-1.46342E+1
6.29931E-1	3.66394E-3	2.26169E+1	-1.43910E+1
6.19928E-1	3.66226E-3	2.26065E+1	-1.41560E+1
6.09931E-1	3.66398E-3	2.26172E+1	-1.39342E+1
5.99930E-1	3.66047E-3	2.25955E+1	-1.36926E+1
5.89932E-1	3.65075E-3	2.25355E+1	-1.34287E+1
5.79929E-1	3.65738E-3	2.25764E+1	-1.32250E+1
5.69937E-1	3.66085E-3	2.25978E+1	-1.30094E+1
5.59936E-1	3.65177E-3	2.25418E+1	-1.27495E+1
5.49940E-1	3.65870E-3	2.25846E+1	-1.25456E+1
5.39936E-1	3.66009E-3	2.25931E+1	-1.23221E+1
5.29936E-1	3.65312E-3	2.25501E+1	-1.20708E+1
5.19939E-1	3.65924E-3	2.25879E+1	-1.18630E+1
5.09933E-1	3.64537E-3	2.25023E+1	-1.15906E+1
4.99931E-1	3.65014E-3	2.25317E+1	-1.13781E+1
4.89929E-1	3.64981E-3	2.25297E+1	-1.11494E+1
4.79927E-1	3.63968E-3	2.24672E+1	-1.08915E+1
4.69928E-1	3.65488E-3	2.25610E+1	-1.07091E+1
4.59930E-1	3.64496E-3	2.24998E+1	-1.04528E+1
4.49923E-1	3.64294E-3	2.24873E+1	-1.02197E+1
4.39926E-1	3.64579E-3	2.25049E+1	-1.00005E+1
4.29928E-1	3.64441E-3	2.24964E+1	-9.76951E+0
4.19928E-1	3.63699E-3	2.24506E+1	-9.52285E+0
4.09928E-1	3.64226E-3	2.24831E+1	-9.30954E+0
3.99928E-1	3.64384E-3	2.24928E+1	-9.08638E+0
3.89931E-1	3.63626E-3	2.24460E+1	-8.84082E+0
3.79930E-1	3.64154E-3	2.24786E+1	-8.62658E+0
3.69928E-1	3.62549E-3	2.23796E+1	-8.36245E+0
3.59931E-1	3.62517E-3	2.23776E+1	-8.13575E+0
3.49930E-1	3.62808E-3	2.23956E+1	-7.91604E+0
3.39924E-1	3.62100E-3	2.23519E+1	-7.67468E+0
3.29928E-1	3.62877E-3	2.23998E+1	-7.46498E+0
3.19925E-1	3.61935E-3	2.23417E+1	-7.21986E+0
3.09922E-1	3.61895E-3	2.23392E+1	-6.99334E+0
2.99925E-1	3.62172E-3	2.23563E+1	-6.77294E+0
2.89921E-1	3.61171E-3	2.22945E+1	-6.52893E+0
2.79923E-1	3.61192E-3	2.22958E+1	-6.30415E+0
2.69922E-1	3.62028E-3	2.23474E+1	-6.09299E+0
2.59923E-1	3.61573E-3	2.23193E+1	-5.85990E+0
2.49921E-1	3.60862E-3	2.22754E+1	-5.62333E+0
2.39924E-1	3.61562E-3	2.23186E+1	-5.40887E+0
2.29921E-1	3.60171E-3	2.22328E+1	-5.16342E+0
2.19921E-1	3.60668E-3	2.22635E+1	-4.94566E+0
2.09921E-1	3.60389E-3	2.22462E+1	-4.71712E+0
1.99914E-1	3.59666E-3	2.22016E+1	-4.48324E+0
1.89915E-1	3.61026E-3	2.22856E+1	-4.27511E+0
1.79914E-1	3.60182E-3	2.22335E+1	-4.04052E+0
1.69914E-1	3.59267E-3	2.21770E+1	-3.80624E+0
1.59913E-1	3.60003E-3	2.22224E+1	-3.58955E+0
1.49915E-1	3.59341E-3	2.21815E+1	-3.35894E+0
1.39914E-1	3.58852E-3	2.21514E+1	-3.13059E+0
1.29914E-1	3.60048E-3	2.22252E+1	-2.91653E+0
1.19917E-1	3.59050E-3	2.21636E+1	-2.68464E+0
1.09919E-1	3.58502E-3	2.21298E+1	-2.45705E+0
9.99165E-2	3.58836E-3	2.21504E+1	-2.23554E+0
8.99153E-2	3.57765E-3	2.20843E+1	-2.00577E+0
7.99143E-2	3.57972E-3	2.20970E+1	-1.78371E+0
6.99179E-2	3.57963E-3	2.20965E+1	-1.56055E+0
5.99196E-2	3.57145E-3	2.20460E+1	-1.33433E+0
4.99086E-2	3.57111E-3	2.20439E+1	-1.11129E+0
3.99084E-2	3.57824E-3	2.20879E+1	-8.90397E-1
2.99098E-2	3.56888E-3	2.20301E+1	-6.65572E-1
1.99113E-2	3.56954E-3	2.20342E+1	-4.43161E-1
9.91106E-3	3.56325E-3	2.19954E+1	-2.20199E-1
-8.84533E-5	3.54808E-3	2.19017E+1	1.95685E-3
-9.96661E-3	3.54128E-3	2.18598E+1	2.20068E-1
-1.99685E-2	3.54911E-3	2.19081E+1	4.41891E-1
-2.99673E-2	3.53682E-3	2.18322E+1	6.60861E-1
-3.99680E-2	3.53846E-3	2.18423E+1	8.81813E-1
-4.99668E-2	3.52552E-3	2.17625E+1	1.09838E+0
-5.99763E-2	3.51351E-3	2.16883E+1	1.31393E+0
-6.99785E-2	3.52337E-3	2.17492E+1	1.53735E+0
-7.99747E-2	3.52177E-3	2.17393E+1	1.75616E+0
-8.99713E-2	3.52191E-3	2.17402E+1	1.97575E+0
-9.99777E-2	3.51667E-3	2.17078E+1	2.19222E+0
-1.09976E-1	3.49721E-3	2.15877E+1	2.39811E+0
-1.19979E-1	3.49290E-3	2.15611E+1	2.61301E+0
-1.29977E-1	3.49282E-3	2.15606E+1	2.83069E+0
-1.39976E-1	3.48254E-3	2.14972E+1	3.03948E+0
-1.49976E-1	3.48049E-3	2.14845E+1	3.25471E+0
-1.59980E-1	3.47612E-3	2.14575E+1	3.46745E+0
-1.69983E-1	3.45876E-3	2.13504E+1	3.66586E+0
-1.79981E-1	3.46322E-3	2.13779E+1	3.88648E+0
-1.89983E-1	3.44539E-3	2.12678E+1	4.08134E+0
-1.99979E-1	3.43547E-3	2.12066E+1	4.28371E+0
-2.09985E-1	3.43609E-3	2.12104E+1	4.49886E+0
-2.19982E-1	3.41937E-3	2.11072E+1	4.69011E+0
-2.29982E-1	3.42115E-3	2.11182E+1	4.90587E+0
-2.39985E-1	3.40829E-3	2.10388E+1	5.10000E+0
-2.49983E-1	3.38916E-3	2.09207E+1	5.28266E+0
-2.59983E-1	3.38225E-3	2.08781E+1	5.48278E+0
-2.69981E-1	3.37377E-3	2.08257E+1	5.67935E+0
-2.79984E-1	3.35377E-3	2.07023E+1	5.85486E+0
-2.89984E-1	3.35002E-3	2.06791E+1	6.05719E+0
-2.99983E-1	3.32970E-3	2.05537E+1	6.22804E+0
-3.09982E-1	3.32222E-3	2.05075E+1	6.42118E+0
-3.19982E-1	3.31502E-3	2.04631E+1	6.61396E+0
-3.29983E-1	3.29214E-3	2.03219E+1	6.77360E+0
-3.39984E-1	3.28448E-3	2.02746E+1	6.96266E+0
-3.49988E-1	3.26267E-3	2.01399E+1	7.11994E+0
-3.59989E-1	3.25364E-3	2.00842E+1	7.30312E+0
-3.69991E-1	3.23994E-3	1.99996E+1	7.47443E+0
-3.79988E-1	3.21487E-3	1.98449E+1	7.61698E+0
-3.89992E-1	3.19695E-3	1.97343E+1	7.77394E+0
-3.99990E-1	3.18195E-3	1.96417E+1	7.93583E+0
-4.09991E-1	3.16551E-3	1.95402E+1	8.09222E+0
-4.19989E-1	3.15520E-3	1.94765E+1	8.26256E+0
-4.29987E-1	3.12472E-3	1.92884E+1	8.37753E+0
-4.39987E-1	3.10630E-3	1.91747E+1	8.52183E+0
-4.49988E-1	3.08462E-3	1.90409E+1	8.65471E+0
-4.59990E-1	3.05625E-3	1.88657E+1	8.76571E+0
-4.69992E-1	3.04842E-3	1.88174E+1	8.93336E+0
-4.79988E-1	3.02001E-3	1.86420E+1	9.03834E+0
-4.89986E-1	2.99081E-3	1.84618E+1	9.13739E+0
-4.99992E-1	2.96693E-3	1.83144E+1	9.24954E+0
-5.09990E-1	2.93631E-3	1.81254E+1	9.33713E+0
-5.19992E-1	2.90979E-3	1.79617E+1	9.43427E+0
-5.29988E-1	2.88630E-3	1.78167E+1	9.53800E+0
-5.39991E-1	2.84914E-3	1.75873E+1	9.59290E+0
-5.49990E-1	2.82147E-3	1.74165E+1	9.67565E+0
-5.59991E-1	2.78930E-3	1.72179E+1	9.73926E+0
-5.69990E-1	2.75100E-3	1.69815E+1	9.77705E+0
-5.79985E-1	2.71281E-3	1.67457E+1	9.81038E+0
-5.89985E-1	2.66140E-3	1.64284E+1	9.79041E+0
-5.99984E-1	2.62104E-3	1.61793E+1	9.80535E+0
-6.09986E-1	2.57655E-3	1.59046E+1	9.79960E+0
-6.19983E-1	2.52264E-3	1.55719E+1	9.75180E+0
-6.29984E-1	2.46143E-3	1.51940E+1	9.66867E+0
-6.40018E-1	2.40145E-3	1.48238E+1	9.58331E+0
-6.50025E-1	2.32843E-3	1.43730E+1	9.43720E+0
-6.60027E-1	2.24854E-3	1.38799E+1	9.25363E+0
-6.70025E-1	2.16635E-3	1.33725E+1	9.05043E+0
-6.80025E-1	2.06742E-3	1.27619E+1	8.76604E+0
-6.90024E-1	1.96810E-3	1.21488E+1	8.46762E+0
-7.00021E-1	1.85255E-3	1.14355E+1	8.08595E+0
-7.10021E-1	1.72363E-3	1.06397E+1	7.63071E+0
-7.20019E-1	1.59326E-3	9.83494E+0	7.15287E+0
-7.30017E-1	1.44845E-3	8.94105E+0	6.59305E+0
-7.40017E-1	1.29355E-3	7.98488E+0	5.96863E+0
-7.50017E-1	1.12921E-3	6.97043E+0	5.28075E+0
-7.60012E-1	9.52015E-4	5.87664E+0	4.51143E+0
-7.70017E-1	7.63945E-4	4.71571E+0	3.66786E+0
-7.80017E-1	5.72034E-4	3.53107E+0	2.78212E+0
-7.90027E-1	3.70026E-4	2.28411E+0	1.82274E+0
-8.00027E-1	1.56621E-4	9.66796E-1	7.81276E-1
-8.10025E-1	-5.95280E-5	-3.67457E-1	-3.00656E-1
-8.20024E-1	-2.85313E-4	-1.76119E+0	-1.45881E+0
-8.30030E-1	-5.18830E-4	-3.20265E+0	-2.68515E+0
-8.40029E-1	-7.55812E-4	-4.66551E+0	-3.95875E+0
-8.50030E-1	-1.00071E-3	-6.17722E+0	-5.30386E+0
-8.60030E-1	-1.25017E-3	-7.71710E+0	-6.70398E+0
-8.70032E-1	-1.50392E-3	-9.28346E+0	-8.15849E+0
-8.80033E-1	-1.76399E-3	-1.08888E+1	-9.67932E+0
-8.90031E-1	-2.02734E-3	-1.25144E+1	-1.12508E+1
-9.00033E-1	-2.29434E-3	-1.41626E+1	-1.28756E+1
-9.10032E-1	-2.56592E-3	-1.58390E+1	-1.45596E+1
-9.20029E-1	-2.84115E-3	-1.75380E+1	-1.62984E+1
-9.30026E-1	-3.11929E-3	-1.92549E+1	-1.80884E+1
-9.40029E-1	-3.40015E-3	-2.09886E+1	-1.99292E+1
-9.50026E-1	-3.68470E-3	-2.27451E+1	-2.18267E+1
-9.60027E-1	-3.97188E-3	-2.45178E+1	-2.37755E+1
-9.70030E-1	-4.26185E-3	-2.63077E+1	-2.57770E+1
-9.80029E-1	-4.55438E-3	-2.81135E+1	-2.78303E+1
-9.90027E-1	-4.84934E-3	-2.99342E+1	-2.99350E+1
-1.00002E+0	-5.14604E-3	-3.17657E+1	-3.20872E+1
-1.01003E+0	-5.44492E-3	-3.36106E+1	-3.42906E+1
9.81038E+0	2.19017E+1	-8.10025E-1	5.47450E-1
1.02064E+1	2.22041E+1	-8.00023E-1	5.68816E-1
1.05828E+1	2.19557E+1	-8.00034E-1	5.96458E-1
6.19863E+0	2.32198E+1	-7.30017E-1	3.62026E-1
9.83262E+0	2.46911E+1	-7.40015E-1	5.32750E-1
6.49062E+0	2.34519E+1	-5.69973E-1	4.80717E-1
