Efficiency(%)	JSC(mA/cm^2)	VOC(V)	FF				 
1.01002E+0	4.66988E-5	2.88264E-1	-2.94094E-1
1.00003E+0	4.62042E-5	2.85211E-1	-2.88101E-1
9.90027E-1	4.55695E-5	2.81293E-1	-2.81301E-1
9.80027E-1	4.49242E-5	2.77310E-1	-2.74516E-1
9.70033E-1	4.42962E-5	2.73433E-1	-2.67919E-1
9.60029E-1	4.36435E-5	2.69404E-1	-2.61248E-1
9.50027E-1	4.30265E-5	2.65596E-1	-2.54872E-1
9.40028E-1	4.23677E-5	2.61529E-1	-2.48328E-1
9.30022E-1	4.17219E-5	2.57543E-1	-2.41940E-1
9.20023E-1	4.11053E-5	2.53736E-1	-2.35801E-1
9.10023E-1	4.05084E-5	2.50052E-1	-2.29851E-1
9.00024E-1	3.98982E-5	2.46285E-1	-2.23902E-1
8.90025E-1	3.93164E-5	2.42694E-1	-2.18185E-1
8.80025E-1	3.86593E-5	2.38638E-1	-2.12128E-1
8.69992E-1	3.80723E-5	2.35014E-1	-2.06526E-1
8.59989E-1	3.74973E-5	2.31465E-1	-2.01068E-1
8.49992E-1	3.69013E-5	2.27786E-1	-1.95572E-1
8.39989E-1	3.62932E-5	2.24032E-1	-1.90085E-1
8.29991E-1	3.57109E-5	2.20438E-1	-1.84809E-1
8.19986E-1	3.51242E-5	2.16816E-1	-1.79582E-1
8.09989E-1	3.45413E-5	2.13218E-1	-1.74449E-1
7.99986E-1	3.39373E-5	2.09490E-1	-1.69281E-1
7.89989E-1	3.33840E-5	2.06074E-1	-1.64441E-1
7.79982E-1	3.27732E-5	2.02304E-1	-1.59387E-1
7.69985E-1	3.22074E-5	1.98811E-1	-1.54628E-1
7.59982E-1	3.16314E-5	1.95256E-1	-1.49890E-1
7.49985E-1	3.10760E-5	1.91827E-1	-1.45321E-1
7.39980E-1	3.05000E-5	1.88272E-1	-1.40724E-1
7.29981E-1	2.99581E-5	1.84927E-1	-1.36356E-1
7.19981E-1	2.93970E-5	1.81463E-1	-1.31970E-1
7.09980E-1	2.88481E-5	1.78075E-1	-1.27707E-1
6.99975E-1	2.83030E-5	1.74710E-1	-1.23528E-1
6.89977E-1	2.77764E-5	1.71459E-1	-1.19498E-1
6.79982E-1	2.72376E-5	1.68133E-1	-1.15482E-1
6.69977E-1	2.67018E-5	1.64826E-1	-1.11545E-1
6.59978E-1	2.61501E-5	1.61420E-1	-1.07610E-1
6.49980E-1	2.56262E-5	1.58186E-1	-1.03857E-1
6.39982E-1	2.51304E-5	1.55126E-1	-1.00281E-1
6.29976E-1	2.46100E-5	1.51914E-1	-9.66686E-2
6.19976E-1	2.40848E-5	1.48672E-1	-9.31039E-2
6.09978E-1	2.35678E-5	1.45480E-1	-8.96361E-2
5.99974E-1	2.30687E-5	1.42399E-1	-8.62989E-2
5.89976E-1	2.25352E-5	1.39106E-1	-8.28983E-2
5.79974E-1	2.20232E-5	1.35946E-1	-7.96414E-2
5.69978E-1	2.15401E-5	1.32964E-1	-7.65518E-2
5.59980E-1	2.10424E-5	1.29891E-1	-7.34713E-2
5.49982E-1	2.05741E-5	1.27001E-1	-7.05536E-2
5.39980E-1	2.00973E-5	1.24057E-1	-6.76652E-2
5.29983E-1	1.96103E-5	1.21051E-1	-6.48031E-2
5.19978E-1	1.91386E-5	1.18140E-1	-6.20504E-2
5.09977E-1	1.86587E-5	1.15177E-1	-5.93310E-2
4.99979E-1	1.81635E-5	1.12120E-1	-5.66241E-2
4.89975E-1	1.77119E-5	1.09333E-1	-5.41114E-2
4.79975E-1	1.72406E-5	1.06423E-1	-5.15966E-2
4.69973E-1	1.67784E-5	1.03570E-1	-4.91669E-2
4.59975E-1	1.63312E-5	1.00810E-1	-4.68384E-2
4.49969E-1	1.58737E-5	9.79858E-2	-4.45359E-2
4.39972E-1	1.54382E-5	9.52975E-2	-4.23518E-2
4.29972E-1	1.49951E-5	9.25623E-2	-4.02012E-2
4.19972E-1	1.45377E-5	8.97389E-2	-3.80685E-2
4.09975E-1	1.41004E-5	8.70395E-2	-3.60445E-2
3.99975E-1	1.36886E-5	8.44975E-2	-3.41383E-2
3.89975E-1	1.32578E-5	8.18383E-2	-3.22373E-2
3.79968E-1	1.28363E-5	7.92364E-2	-3.04114E-2
3.69968E-1	1.24191E-5	7.66611E-2	-2.86486E-2
3.59970E-1	1.20077E-5	7.41216E-2	-2.69511E-2
3.49975E-1	1.16061E-5	7.16426E-2	-2.53264E-2
3.39969E-1	1.11969E-5	6.91167E-2	-2.37349E-2
3.29973E-1	1.07871E-5	6.65870E-2	-2.21939E-2
3.19968E-1	1.04002E-5	6.41988E-2	-2.07490E-2
3.09966E-1	1.00159E-5	6.18265E-2	-1.93577E-2
2.99962E-1	9.61595E-6	5.93577E-2	-1.79849E-2
2.89957E-1	9.22464E-6	5.69422E-2	-1.66776E-2
2.79962E-1	8.84846E-6	5.46201E-2	-1.54460E-2
2.69963E-1	8.47164E-6	5.22941E-2	-1.42601E-2
2.59962E-1	8.09861E-6	4.99914E-2	-1.31271E-2
2.49965E-1	7.74736E-6	4.78232E-2	-1.20749E-2
2.39966E-1	7.38894E-6	4.56107E-2	-1.10556E-2
2.29969E-1	7.03443E-6	4.34224E-2	-1.00867E-2
2.19968E-1	6.69347E-6	4.13177E-2	-9.18038E-3
2.09970E-1	6.34304E-6	3.91546E-2	-8.30433E-3
1.99964E-1	6.00084E-6	3.70422E-2	-7.48193E-3
1.89961E-1	5.65626E-6	3.49152E-2	-6.69952E-3
1.79963E-1	5.33012E-6	3.29020E-2	-5.98095E-3
1.69967E-1	4.99828E-6	3.08536E-2	-5.29706E-3
1.59963E-1	4.67879E-6	2.88814E-2	-4.66662E-3
1.49968E-1	4.36486E-6	2.69436E-2	-4.08149E-3
1.39967E-1	4.04907E-6	2.49943E-2	-3.53371E-3
1.29965E-1	3.74139E-6	2.30950E-2	-3.03186E-3
1.19966E-1	3.43994E-6	2.12342E-2	-2.57311E-3
1.09967E-1	3.13839E-6	1.93728E-2	-2.15189E-3
9.99684E-2	2.84401E-6	1.75556E-2	-1.77273E-3
8.99665E-2	2.54823E-6	1.57298E-2	-1.42945E-3
7.99670E-2	2.25976E-6	1.39491E-2	-1.12674E-3
6.99682E-2	1.97436E-6	1.21874E-2	-8.61344E-4
5.99711E-2	1.69356E-6	1.04541E-2	-6.33275E-4
4.99601E-2	1.41654E-6	8.74407E-3	-4.41267E-4
3.99635E-2	1.14029E-6	7.03883E-3	-2.84138E-4
2.99613E-2	8.66327E-7	5.34770E-3	-1.61842E-4
1.99642E-2	5.93200E-7	3.66173E-3	-7.38419E-5
9.96351E-3	3.21906E-7	1.98707E-3	-1.99982E-5
-4.24385E-5	5.14053E-8	3.17317E-4	1.36025E-8
-9.90558E-3	-2.15881E-7	-1.33260E-3	-1.33335E-5
-1.99113E-2	-4.87598E-7	-3.00986E-3	-6.05357E-5
-2.99118E-2	-7.60303E-7	-4.69323E-3	-1.41801E-4
-3.99144E-2	-1.03499E-6	-6.38883E-3	-2.57582E-4
-4.99153E-2	-1.31298E-6	-8.10481E-3	-4.08641E-4
-5.99225E-2	-1.59210E-6	-9.82778E-3	-5.94854E-4
-6.99203E-2	-1.87588E-6	-1.15795E-2	-8.17821E-4
-7.99193E-2	-2.16252E-6	-1.33489E-2	-1.07761E-3
-8.99162E-2	-2.44979E-6	-1.51222E-2	-1.37346E-3
-9.99210E-2	-2.74585E-6	-1.69497E-2	-1.71074E-3
-1.09919E-1	-3.04550E-6	-1.87994E-2	-2.08728E-3
-1.19920E-1	-3.35216E-6	-2.06923E-2	-2.50649E-3
-1.29920E-1	-3.65700E-6	-2.25741E-2	-2.96245E-3
-1.39920E-1	-3.96586E-6	-2.44806E-2	-3.45993E-3
-1.49921E-1	-4.29481E-6	-2.65112E-2	-4.01473E-3
-1.59920E-1	-4.61320E-6	-2.84765E-2	-4.59997E-3
-1.69920E-1	-4.94889E-6	-3.05487E-2	-5.24327E-3
-1.79921E-1	-5.28156E-6	-3.26022E-2	-5.92508E-3
-1.89924E-1	-5.61808E-6	-3.46795E-2	-6.65300E-3
-1.99922E-1	-5.96089E-6	-3.67956E-2	-7.43056E-3
-2.09924E-1	-6.31379E-6	-3.89740E-2	-8.26422E-3
-2.19923E-1	-6.66265E-6	-4.11275E-2	-9.13624E-3
-2.29925E-1	-7.02079E-6	-4.33382E-2	-1.00652E-2
-2.39929E-1	-7.38918E-6	-4.56122E-2	-1.10542E-2
-2.49928E-1	-7.77474E-6	-4.79922E-2	-1.21158E-2
-2.59930E-1	-8.14404E-6	-5.02719E-2	-1.31992E-2
-2.69927E-1	-8.51426E-6	-5.25572E-2	-1.43299E-2
-2.79928E-1	-8.91187E-6	-5.50115E-2	-1.55548E-2
-2.89933E-1	-9.31006E-6	-5.74695E-2	-1.68306E-2
-2.99931E-1	-9.70848E-6	-5.99289E-2	-1.81561E-2
-3.09925E-1	-1.01201E-5	-6.24698E-2	-1.95565E-2
-3.19923E-1	-1.05402E-5	-6.50630E-2	-2.10254E-2
-3.29926E-1	-1.09425E-5	-6.75463E-2	-2.25104E-2
-3.39921E-1	-1.13787E-5	-7.02389E-2	-2.41168E-2
-3.49928E-1	-1.17875E-5	-7.27623E-2	-2.57188E-2
-3.59923E-1	-1.22378E-5	-7.55420E-2	-2.74639E-2
-3.69927E-1	-1.26827E-5	-7.82883E-2	-2.92535E-2
-3.79922E-1	-1.31345E-5	-8.10772E-2	-3.11141E-2
-3.89929E-1	-1.35771E-5	-8.38093E-2	-3.30098E-2
-3.99926E-1	-1.40468E-5	-8.67086E-2	-3.50273E-2
-4.09923E-1	-1.45044E-5	-8.95333E-2	-3.70725E-2
-4.19924E-1	-1.49911E-5	-9.25377E-2	-3.92513E-2
-4.29924E-1	-1.54484E-5	-9.53605E-2	-4.14119E-2
-4.39921E-1	-1.59453E-5	-9.84278E-2	-4.37378E-2
-4.49923E-1	-1.64510E-5	-1.01549E-1	-4.61509E-2
-4.59924E-1	-1.69600E-5	-1.04691E-1	-4.86364E-2
-4.69920E-1	-1.74609E-5	-1.07783E-1	-5.11612E-2
-4.79922E-1	-1.80112E-5	-1.11180E-1	-5.38968E-2
-4.89921E-1	-1.85798E-5	-1.14690E-1	-5.67567E-2
-4.99926E-1	-1.91418E-5	-1.18159E-1	-5.96676E-2
-5.09927E-1	-1.97319E-5	-1.21802E-1	-6.27374E-2
-5.19923E-1	-2.03446E-5	-1.25584E-1	-6.59535E-2
-5.29927E-1	-2.09802E-5	-1.29507E-1	-6.93227E-2
-5.39930E-1	-2.16256E-5	-1.33491E-1	-7.28040E-2
-5.49933E-1	-2.23411E-5	-1.37908E-1	-7.66062E-2
-5.59932E-1	-2.30958E-5	-1.42567E-1	-8.06340E-2
-5.69934E-1	-2.39065E-5	-1.47571E-1	-8.49553E-2
-5.79930E-1	-2.48052E-5	-1.53119E-1	-8.96950E-2
-5.89933E-1	-2.58058E-5	-1.59295E-1	-9.49226E-2
-5.99932E-1	-2.69350E-5	-1.66265E-1	-1.00756E-1
-6.09931E-1	-2.82327E-5	-1.74276E-1	-1.07370E-1
-6.19930E-1	-2.97479E-5	-1.83629E-1	-1.14987E-1
-6.29931E-1	-3.15133E-5	-1.94527E-1	-1.23776E-1
-6.39960E-1	-3.36707E-5	-2.07844E-1	-1.34355E-1
-6.49967E-1	-3.62724E-5	-2.23904E-1	-1.47000E-1
-6.59969E-1	-3.95115E-5	-2.43898E-1	-1.62591E-1
-6.69968E-1	-4.35946E-5	-2.69102E-1	-1.82111E-1
-6.79971E-1	-4.87897E-5	-3.01171E-1	-2.06856E-1
-6.89970E-1	-5.54387E-5	-3.42214E-1	-2.38503E-1
-6.99970E-1	-6.40140E-5	-3.95148E-1	-2.79386E-1
-7.09970E-1	-7.51375E-5	-4.63812E-1	-3.32619E-1
-7.19968E-1	-8.95679E-5	-5.52888E-1	-4.02083E-1
-7.29969E-1	-1.08365E-4	-6.68920E-1	-4.93223E-1
-7.39971E-1	-1.32724E-4	-8.19284E-1	-6.12370E-1
-7.49970E-1	-1.64055E-4	-1.01269E+0	-7.67155E-1
-7.59973E-1	-2.04053E-4	-1.25959E+0	-9.66921E-1
-7.69973E-1	-2.54554E-4	-1.57132E+0	-1.22210E+0
-7.79970E-1	-3.17303E-4	-1.95866E+0	-1.54313E+0
-7.89977E-1	-3.94264E-4	-2.43373E+0	-1.94201E+0
-7.99973E-1	-4.86687E-4	-3.00424E+0	-2.42759E+0
-8.09973E-1	-5.95753E-4	-3.67749E+0	-3.00875E+0
-8.19976E-1	-7.22020E-4	-4.45691E+0	-3.69148E+0
-8.29980E-1	-8.65699E-4	-5.34382E+0	-4.48007E+0
-8.39977E-1	-1.02652E-3	-6.33654E+0	-5.37631E+0
-8.49977E-1	-1.20335E-3	-7.42809E+0	-6.37748E+0
-8.59974E-1	-1.39548E-3	-8.61407E+0	-7.48271E+0
-8.69973E-1	-1.60176E-3	-9.88741E+0	-8.68866E+0
-8.79971E-1	-1.82127E-3	-1.12424E+1	-9.99292E+0
-8.89968E-1	-2.05259E-3	-1.26703E+1	-1.13901E+1
-8.99973E-1	-2.29503E-3	-1.41669E+1	-1.28786E+1
-9.09974E-1	-2.54730E-3	-1.57241E+1	-1.44530E+1
-9.19976E-1	-2.80851E-3	-1.73365E+1	-1.61102E+1
-9.29980E-1	-3.07788E-3	-1.89993E+1	-1.78474E+1
-9.39983E-1	-3.35465E-3	-2.07077E+1	-1.96615E+1
-9.49977E-1	-3.63793E-3	-2.24564E+1	-2.15485E+1
-9.59979E-1	-3.92732E-3	-2.42427E+1	-2.35076E+1
-9.69985E-1	-4.22247E-3	-2.60646E+1	-2.55377E+1
-9.79983E-1	-4.52247E-3	-2.79165E+1	-2.76340E+1
-9.89988E-1	-4.82731E-3	-2.97982E+1	-2.97978E+1
-9.99983E-1	-5.13615E-3	-3.17046E+1	-3.20243E+1
-1.00998E+0	-5.44890E-3	-3.36352E+1	-3.43140E+1
1.36025E-8	3.17317E-4	-4.24385E-5	1.00000E+0
2.78640E-8	1.00610E-3	-9.91225E-3	2.76608E-3
4.49518E-6	6.14344E-4	-1.47405E-2	4.91426E-1
4.32799E-8	5.51269E-4	-7.77245E-5	1.00000E+0
9.48204E-5	9.48235E-3	-3.99096E-2	2.48053E-1
4.22699E-5	2.17659E-3	-4.99086E-2	3.85225E-1
