1.01007E+0	2.20799E-3	1.36296E+1	-1.42366E+1
1.00009E+0	1.52030E-4	9.38457E-1	-9.70570E-1
9.90080E-1	1.52650E-4	9.42284E-1	-9.64774E-1
9.80069E-1	1.50286E-4	9.27691E-1	-9.40229E-1
9.70094E-1	1.49202E-4	9.21000E-1	-9.23947E-1
9.60081E-1	1.48995E-4	9.19722E-1	-9.13142E-1
9.50070E-1	1.45691E-4	8.99327E-1	-8.83582E-1
9.40096E-1	1.44726E-4	8.93370E-1	-8.68515E-1
9.30081E-1	1.42606E-4	8.80284E-1	-8.46676E-1
9.20069E-1	1.41071E-4	8.70809E-1	-8.28546E-1
9.10058E-1	1.40407E-4	8.66710E-1	-8.15673E-1
9.00080E-1	1.38291E-4	8.53648E-1	-7.94573E-1
8.90066E-1	1.37103E-4	8.46315E-1	-7.78982E-1
8.80058E-1	1.36472E-4	8.42420E-1	-7.66679E-1
8.70084E-1	1.35965E-4	8.39290E-1	-7.55174E-1
8.60070E-1	1.35199E-4	8.34562E-1	-7.42277E-1
8.50061E-1	1.34016E-4	8.27259E-1	-7.27219E-1
8.40052E-1	1.33669E-4	8.25117E-1	-7.16796E-1
8.30075E-1	1.32471E-4	8.17722E-1	-7.01935E-1
8.20064E-1	1.31526E-4	8.11889E-1	-6.88522E-1
8.10051E-1	1.31438E-4	8.11346E-1	-6.79660E-1
8.00076E-1	1.30130E-4	8.03272E-1	-6.64610E-1
7.90064E-1	1.28547E-4	7.93500E-1	-6.48310E-1
7.80049E-1	1.28750E-4	7.94753E-1	-6.41103E-1
7.70077E-1	1.28650E-4	7.94136E-1	-6.32415E-1
7.60067E-1	1.27757E-4	7.88623E-1	-6.19862E-1
7.50056E-1	1.26278E-4	7.79494E-1	-6.04616E-1
7.40040E-1	1.26603E-4	7.81500E-1	-5.98078E-1
7.30065E-1	1.26917E-4	7.83438E-1	-5.91480E-1
7.20055E-1	1.25936E-4	7.77383E-1	-5.78861E-1
7.10046E-1	1.24994E-4	7.71568E-1	-5.66545E-1
7.00069E-1	1.24633E-4	7.69340E-1	-5.56971E-1
6.90058E-1	1.23791E-4	7.64142E-1	-5.45297E-1
6.80048E-1	1.23616E-4	7.63062E-1	-5.36627E-1
6.70073E-1	1.22992E-4	7.59210E-1	-5.26087E-1
6.60062E-1	1.21650E-4	7.50926E-1	-5.12573E-1
6.50050E-1	1.21369E-4	7.49191E-1	-5.03632E-1
6.40039E-1	1.22410E-4	7.55617E-1	-5.00129E-1
6.30055E-1	1.20708E-4	7.45111E-1	-4.85482E-1
6.20047E-1	1.21499E-4	7.49994E-1	-4.80901E-1
6.10038E-1	1.21202E-4	7.48160E-1	-4.71982E-1
6.00061E-1	1.21398E-4	7.49370E-1	-4.65013E-1
5.90048E-1	1.22207E-4	7.54364E-1	-4.60301E-1
5.80034E-1	1.21485E-4	7.49907E-1	-4.49816E-1
5.70058E-1	1.19997E-4	7.40722E-1	-4.36665E-1
5.60047E-1	1.19111E-4	7.35253E-1	-4.25829E-1
5.50033E-1	1.16743E-4	7.20636E-1	-4.09900E-1
5.40022E-1	1.17244E-4	7.23728E-1	-4.04167E-1
5.30047E-1	1.18568E-4	7.31901E-1	-4.01181E-1
5.20035E-1	1.17526E-4	7.25469E-1	-3.90144E-1
5.10025E-1	1.15859E-4	7.15179E-1	-3.77207E-1
5.00051E-1	1.14709E-4	7.08080E-1	-3.66159E-1
4.90036E-1	1.14460E-4	7.06543E-1	-3.58047E-1
4.80023E-1	1.14826E-4	7.08802E-1	-3.51853E-1
4.70048E-1	1.14705E-4	7.08056E-1	-3.44178E-1
4.60036E-1	1.13472E-4	7.00444E-1	-3.33226E-1
4.50023E-1	1.13149E-4	6.98451E-1	-3.25045E-1
4.40012E-1	1.11708E-4	6.89556E-1	-3.13767E-1
4.30039E-1	1.12528E-4	6.94617E-1	-3.08906E-1
4.20028E-1	1.12457E-4	6.94179E-1	-3.01525E-1
4.10018E-1	1.12071E-4	6.91796E-1	-2.93329E-1
4.00039E-1	1.11721E-4	6.89636E-1	-2.85296E-1
3.90032E-1	1.09882E-4	6.78284E-1	-2.73581E-1
3.80018E-1	1.09405E-4	6.75340E-1	-2.65399E-1
3.70006E-1	1.09169E-4	6.73883E-1	-2.57850E-1
3.60028E-1	1.08894E-4	6.72185E-1	-2.50264E-1
3.50016E-1	1.08456E-4	6.69481E-1	-2.42326E-1
3.40003E-1	1.08083E-4	6.67179E-1	-2.34584E-1
3.30026E-1	1.09414E-4	6.75395E-1	-2.30505E-1
3.20018E-1	1.07553E-4	6.63907E-1	-2.19713E-1
3.10001E-1	1.08513E-4	6.69833E-1	-2.14735E-1
3.00024E-1	1.06113E-4	6.55019E-1	-2.03228E-1
2.90014E-1	1.05628E-4	6.52025E-1	-1.95549E-1
2.79999E-1	1.05472E-4	6.51062E-1	-1.88518E-1
2.69990E-1	1.05510E-4	6.51296E-1	-1.81844E-1
2.60015E-1	1.05279E-4	6.49870E-1	-1.74743E-1
2.50005E-1	1.04293E-4	6.43784E-1	-1.66442E-1
2.39991E-1	1.03151E-4	6.36735E-1	-1.58025E-1
2.30014E-1	1.03636E-4	6.39728E-1	-1.52168E-1
2.20002E-1	1.04023E-4	6.42117E-1	-1.46088E-1
2.09994E-1	1.02390E-4	6.32037E-1	-1.37253E-1
2.00011E-1	1.02742E-4	6.34210E-1	-1.31178E-1
1.89997E-1	1.02013E-4	6.29710E-1	-1.23726E-1
1.79988E-1	1.02899E-4	6.35179E-1	-1.18226E-1
1.69975E-1	1.02936E-4	6.35407E-1	-1.11689E-1
1.59998E-1	1.00794E-4	6.22185E-1	-1.02946E-1
1.49983E-1	1.00446E-4	6.20037E-1	-9.61686E-2
1.39967E-1	9.90532E-5	6.11440E-1	-8.85019E-2
1.29992E-1	9.98124E-5	6.16126E-1	-8.28247E-2
1.19981E-1	9.98341E-5	6.16260E-1	-7.64627E-2
1.09967E-1	9.97367E-5	6.15659E-1	-7.00125E-2
9.99928E-2	9.94068E-5	6.13622E-1	-6.34517E-2
8.99758E-2	9.93202E-5	6.13088E-1	-5.70456E-2
7.99680E-2	9.94294E-5	6.13762E-1	-5.07563E-2
6.99589E-2	9.72513E-5	6.00317E-1	-4.34307E-2
5.99828E-2	9.79565E-5	6.04670E-1	-3.75075E-2
4.99680E-2	9.64454E-5	5.95342E-1	-3.07632E-2
3.99544E-2	9.65772E-5	5.96156E-1	-2.46319E-2
2.99804E-2	9.55889E-5	5.90055E-1	-1.82938E-2
1.99659E-2	9.54772E-5	5.89365E-1	-1.21688E-2
9.95159E-3	9.34325E-5	5.76744E-1	-5.93539E-3
-2.43187E-5	9.42519E-5	5.81802E-1	1.46315E-5
-1.01743E-2	9.40399E-5	5.80493E-1	6.10767E-3
-2.01826E-2	9.37794E-5	5.78885E-1	1.20821E-2
-3.01967E-2	9.28193E-5	5.72959E-1	1.78919E-2
-4.01716E-2	9.29057E-5	5.73492E-1	2.38243E-2
-5.01850E-2	9.23139E-5	5.69839E-1	2.95733E-2
-6.02016E-2	9.25370E-5	5.71216E-1	3.55617E-2
-7.02114E-2	9.14546E-5	5.64535E-1	4.09894E-2
-8.01840E-2	9.05665E-5	5.59052E-1	4.63568E-2
-9.01957E-2	9.10248E-5	5.61881E-1	5.24088E-2
-1.00206E-1	9.15271E-5	5.64982E-1	5.85466E-2
-1.10220E-1	9.15700E-5	5.65247E-1	6.44276E-2
-1.20200E-1	9.86782E-5	6.09125E-1	7.57154E-2
-1.30208E-1	9.83614E-5	6.07169E-1	8.17562E-2
-1.40214E-1	9.88646E-5	6.10275E-1	8.84893E-2
-1.50192E-1	9.76534E-5	6.02799E-1	9.36252E-2
-1.60199E-1	9.85803E-5	6.08520E-1	1.00811E-1
-1.70211E-1	1.00757E-4	6.21957E-1	1.09477E-1
-1.80224E-1	9.03788E-5	5.57894E-1	1.03977E-1
-1.90200E-1	9.16605E-5	5.65806E-1	1.11289E-1
-2.00209E-1	8.91489E-5	5.50302E-1	1.13935E-1
-2.10224E-1	8.87389E-5	5.47771E-1	1.19084E-1
-2.20238E-1	8.84286E-5	5.45856E-1	1.24321E-1
-2.30214E-1	8.99195E-5	5.55059E-1	1.32143E-1
-2.40222E-1	8.73137E-5	5.38973E-1	1.33892E-1
-2.50234E-1	8.62666E-5	5.32510E-1	1.37799E-1
-2.60206E-1	8.44326E-5	5.21189E-1	1.40245E-1
-2.70220E-1	8.42386E-5	5.19991E-1	1.45307E-1
-2.80228E-1	8.31196E-5	5.13084E-1	1.48687E-1
-2.90242E-1	8.32592E-5	5.13946E-1	1.54259E-1
-3.00213E-1	8.18552E-5	5.05279E-1	1.56868E-1
-3.10226E-1	8.24135E-5	5.08725E-1	1.63206E-1
-3.20237E-1	8.28187E-5	5.11227E-1	1.69301E-1
-3.30247E-1	8.17683E-5	5.04743E-1	1.72378E-1
-3.40222E-1	8.08099E-5	4.98827E-1	1.75503E-1
-3.50236E-1	7.98998E-5	4.93209E-1	1.78634E-1
-3.60248E-1	8.08665E-5	4.99176E-1	1.85964E-1
-3.70219E-1	8.06252E-5	4.97686E-1	1.90541E-1
-3.80230E-1	8.05808E-5	4.97412E-1	1.95585E-1
-3.90242E-1	7.95434E-5	4.91009E-1	1.98151E-1
-4.00255E-1	7.95278E-5	4.90912E-1	2.03196E-1
-4.10226E-1	7.81080E-5	4.82148E-1	2.04540E-1
-4.20235E-1	7.90410E-5	4.87907E-1	2.12033E-1
-4.30246E-1	7.82247E-5	4.82869E-1	2.14842E-1
-4.40259E-1	7.78006E-5	4.80251E-1	2.18650E-1
-4.50235E-1	7.80514E-5	4.81799E-1	2.24325E-1
-4.60249E-1	7.51268E-5	4.63746E-1	2.20722E-1
-4.70261E-1	7.66733E-5	4.73292E-1	2.30166E-1
-4.80235E-1	7.62903E-5	4.70928E-1	2.33874E-1
-4.90246E-1	7.61289E-5	4.69931E-1	2.38244E-1
-5.00257E-1	7.75473E-5	4.78687E-1	2.47639E-1
-5.10269E-1	7.71294E-5	4.76107E-1	2.51234E-1
-5.20242E-1	7.56194E-5	4.66786E-1	2.51129E-1
-5.30253E-1	7.55403E-5	4.66298E-1	2.55694E-1
-5.40260E-1	7.50605E-5	4.63336E-1	2.58865E-1
-5.50276E-1	7.59781E-5	4.69001E-1	2.66887E-1
-5.60250E-1	7.51990E-5	4.64191E-1	2.68938E-1
-5.70256E-1	7.45685E-5	4.60299E-1	2.71446E-1
-5.80265E-1	7.29618E-5	4.50381E-1	2.70259E-1
-5.90276E-1	7.23976E-5	4.46899E-1	2.72796E-1
-6.00251E-1	7.33803E-5	4.52965E-1	2.81171E-1
-6.10260E-1	7.25195E-5	4.47651E-1	2.82506E-1
-6.20271E-1	7.03268E-5	4.34116E-1	2.78459E-1
-6.30247E-1	7.19179E-5	4.43938E-1	2.89339E-1
-6.40258E-1	7.15562E-5	4.41705E-1	2.92456E-1
-6.50274E-1	7.10069E-5	4.38314E-1	2.94751E-1
-6.60288E-1	7.10342E-5	4.38483E-1	2.99405E-1
-6.70261E-1	7.08887E-5	4.37585E-1	3.03305E-1
-6.80267E-1	6.97158E-5	4.30344E-1	3.02740E-1
-6.90278E-1	7.01060E-5	4.32753E-1	3.08914E-1
-7.00288E-1	6.96781E-5	4.30112E-1	3.11481E-1
-7.10229E-1	4.26914E-5	2.63527E-1	1.93552E-1
-7.20252E-1	-3.12873E-5	-1.93131E-1	-1.43850E-1
-7.30260E-1	-5.49251E-5	-3.39044E-1	-2.56039E-1
-7.40234E-1	-5.52070E-5	-3.40784E-1	-2.60869E-1
-7.50244E-1	-5.57174E-5	-3.43935E-1	-2.66841E-1
-7.60259E-1	-5.51323E-5	-3.40323E-1	-2.67563E-1
-7.70285E-1	-5.52503E-5	-3.41051E-1	-2.71672E-1
-7.80267E-1	-5.62264E-5	-3.47077E-1	-2.80054E-1
-7.90286E-1	-5.64073E-5	-3.48193E-1	-2.84563E-1
-8.00298E-1	-5.61051E-5	-3.46328E-1	-2.86624E-1
-8.10305E-1	-5.64355E-5	-3.48367E-1	-2.91917E-1
-8.20283E-1	-5.60658E-5	-3.46085E-1	-2.93576E-1
-8.30292E-1	-5.65989E-5	-3.49376E-1	-2.99983E-1
-8.40302E-1	-5.65357E-5	-3.48986E-1	-3.03261E-1
-8.50276E-1	-5.70824E-5	-3.52360E-1	-3.09828E-1
-8.60284E-1	-5.69348E-5	-3.51449E-1	-3.12664E-1
-8.70296E-1	-5.67383E-5	-3.50236E-1	-3.15211E-1
-8.80305E-1	-5.73521E-5	-3.54025E-1	-3.22286E-1
-8.90280E-1	-5.76732E-5	-3.56007E-1	-3.27762E-1
-9.00294E-1	-5.74045E-5	-3.54349E-1	-3.29905E-1
-9.10302E-1	-5.81572E-5	-3.58995E-1	-3.37946E-1
-9.20312E-1	-5.83530E-5	-3.60204E-1	-3.42813E-1
-9.30289E-1	-5.86719E-5	-3.62172E-1	-3.48423E-1
-9.40301E-1	-5.84637E-5	-3.60887E-1	-3.50923E-1
-9.50308E-1	-5.92273E-5	-3.65601E-1	-3.59290E-1
-9.60280E-1	-5.80555E-5	-3.58367E-1	-3.55877E-1
-9.70291E-1	-5.88139E-5	-3.63049E-1	-3.64284E-1
-9.80305E-1	-5.83971E-5	-3.60476E-1	-3.65436E-1
-9.90312E-1	-5.86240E-5	-3.61877E-1	-3.70600E-1
-1.00029E+0	-6.08663E-5	-3.75718E-1	-3.88652E-1
-1.01029E+0	-6.10640E-5	-3.76938E-1	-3.93813E-1
