1.00998E+0	8.49369E-5	5.24302E-1	-5.34883E-1
9.99982E-1	8.35837E-5	5.15949E-1	-5.21151E-1
9.89988E-1	8.26059E-5	5.09913E-1	-5.09907E-1
9.79988E-1	8.18793E-5	5.05428E-1	-5.00316E-1
9.69992E-1	8.06280E-5	4.97704E-1	-4.87645E-1
9.59988E-1	7.96093E-5	4.91415E-1	-4.76518E-1
9.49988E-1	7.91338E-5	4.88480E-1	-4.68738E-1
9.39994E-1	7.84134E-5	4.84033E-1	-4.59584E-1
9.29989E-1	7.77067E-5	4.79671E-1	-4.50595E-1
9.19988E-1	7.71511E-5	4.76241E-1	-4.42562E-1
9.09989E-1	7.61836E-5	4.70269E-1	-4.32262E-1
8.99991E-1	7.52587E-5	4.64560E-1	-4.22323E-1
8.89987E-1	7.42989E-5	4.58635E-1	-4.12302E-1
8.79985E-1	7.42331E-5	4.58229E-1	-4.07308E-1
8.69957E-1	7.27979E-5	4.49370E-1	-3.94881E-1
8.59955E-1	7.21306E-5	4.45251E-1	-3.86763E-1
8.49955E-1	7.14392E-5	4.40983E-1	-3.78601E-1
8.39953E-1	7.23672E-5	4.46711E-1	-3.79006E-1
8.29956E-1	7.00941E-5	4.32680E-1	-3.62732E-1
8.19958E-1	6.94477E-5	4.28690E-1	-3.55058E-1
8.09958E-1	6.88153E-5	4.24786E-1	-3.47534E-1
7.99957E-1	6.90583E-5	4.26286E-1	-3.44455E-1
7.89959E-1	6.78287E-5	4.18696E-1	-3.34093E-1
7.79948E-1	6.76409E-5	4.17536E-1	-3.28946E-1
7.69946E-1	7.05421E-5	4.35445E-1	-3.38656E-1
7.59946E-1	6.61868E-5	4.08560E-1	-3.13620E-1
7.49945E-1	6.61193E-5	4.08144E-1	-3.09177E-1
7.39942E-1	6.55735E-5	4.04775E-1	-3.02535E-1
7.29943E-1	6.59486E-5	4.07090E-1	-3.00154E-1
7.19945E-1	6.56412E-5	4.05193E-1	-2.94663E-1
7.09944E-1	6.34949E-5	3.91944E-1	-2.81069E-1
6.99939E-1	6.31381E-5	3.89741E-1	-2.75551E-1
6.89944E-1	6.42412E-5	3.96551E-1	-2.76361E-1
6.79950E-1	6.40628E-5	3.95449E-1	-2.71602E-1
6.69944E-1	6.17694E-5	3.81293E-1	-2.58025E-1
6.59949E-1	6.22931E-5	3.84525E-1	-2.56330E-1
6.49950E-1	6.09777E-5	3.76406E-1	-2.47116E-1
6.39949E-1	6.20266E-5	3.82880E-1	-2.47499E-1
6.29943E-1	6.15210E-5	3.79759E-1	-2.41643E-1
6.19942E-1	6.10695E-5	3.76972E-1	-2.36062E-1
6.09941E-1	6.29273E-5	3.88440E-1	-2.39319E-1
5.99940E-1	6.08034E-5	3.75330E-1	-2.27450E-1
5.89940E-1	6.01504E-5	3.71299E-1	-2.21257E-1
5.79938E-1	5.98837E-5	3.69652E-1	-2.16541E-1
5.69944E-1	5.90814E-5	3.64700E-1	-2.09958E-1
5.59941E-1	6.04009E-5	3.72845E-1	-2.10880E-1
5.49945E-1	6.01517E-5	3.71307E-1	-2.06261E-1
5.39942E-1	5.81058E-5	3.58678E-1	-1.95621E-1
5.29943E-1	5.88360E-5	3.63185E-1	-1.94412E-1
5.19940E-1	5.55582E-5	3.42952E-1	-1.80116E-1
5.09945E-1	5.46944E-5	3.37620E-1	-1.73907E-1
4.99943E-1	5.45512E-5	3.36736E-1	-1.70049E-1
4.89935E-1	5.37966E-5	3.32078E-1	-1.64340E-1
4.79936E-1	5.35196E-5	3.30368E-1	-1.60157E-1
4.69939E-1	5.32333E-5	3.28601E-1	-1.55982E-1
4.59944E-1	5.29800E-5	3.27037E-1	-1.51938E-1
4.49937E-1	5.25156E-5	3.24170E-1	-1.47330E-1
4.39941E-1	5.36285E-5	3.31040E-1	-1.47109E-1
4.29942E-1	5.21199E-5	3.21728E-1	-1.39721E-1
4.19941E-1	5.24736E-5	3.23911E-1	-1.37398E-1
4.09947E-1	5.23132E-5	3.22921E-1	-1.33718E-1
3.99944E-1	5.06700E-5	3.12778E-1	-1.26357E-1
3.89946E-1	5.11053E-5	3.15465E-1	-1.24257E-1
3.79940E-1	4.97329E-5	3.06993E-1	-1.17817E-1
3.69941E-1	4.94873E-5	3.05477E-1	-1.14150E-1
3.59944E-1	4.89331E-5	3.02056E-1	-1.09822E-1
3.49945E-1	4.94059E-5	3.04975E-1	-1.07802E-1
3.39939E-1	4.97186E-5	3.06905E-1	-1.05383E-1
3.29941E-1	4.98204E-5	3.07533E-1	-1.02493E-1
3.19938E-1	4.89290E-5	3.02031E-1	-9.76072E-2
3.09936E-1	4.99906E-5	3.08584E-1	-9.66073E-2
2.99940E-1	4.73362E-5	2.92199E-1	-8.85274E-2
2.89943E-1	4.74913E-5	2.93156E-1	-8.58572E-2
2.79948E-1	4.71086E-5	2.90794E-1	-8.22294E-2
2.69946E-1	4.74423E-5	2.92854E-1	-7.98532E-2
2.59946E-1	4.73100E-5	2.92037E-1	-7.66807E-2
2.49947E-1	4.64683E-5	2.86841E-1	-7.24193E-2
2.39950E-1	4.52541E-5	2.79346E-1	-6.77062E-2
2.29946E-1	4.54265E-5	2.80410E-1	-6.51306E-2
2.19946E-1	4.62266E-5	2.85349E-1	-6.33954E-2
2.09945E-1	4.59660E-5	2.83741E-1	-6.01717E-2
1.99941E-1	4.62640E-5	2.85580E-1	-5.76760E-2
1.89940E-1	4.60950E-5	2.84537E-1	-5.45909E-2
1.79940E-1	4.48993E-5	2.77156E-1	-5.03752E-2
1.69943E-1	4.22475E-5	2.60787E-1	-4.47666E-2
1.59940E-1	4.34324E-5	2.68101E-1	-4.33132E-2
1.49941E-1	4.39807E-5	2.71486E-1	-4.11180E-2
1.39944E-1	4.50870E-5	2.78315E-1	-3.93419E-2
1.29941E-1	4.19934E-5	2.59219E-1	-3.40233E-2
1.19943E-1	4.18584E-5	2.58385E-1	-3.13045E-2
1.09944E-1	4.17387E-5	2.57646E-1	-2.86128E-2
9.99427E-2	4.21225E-5	2.60015E-1	-2.62491E-2
8.99386E-2	4.25687E-5	2.62770E-1	-2.38719E-2
7.99439E-2	4.17449E-5	2.57685E-1	-2.08084E-2
6.99425E-2	3.86624E-5	2.38657E-1	-1.68609E-2
5.99439E-2	3.84272E-5	2.37205E-1	-1.43626E-2
4.99346E-2	3.81599E-5	2.35555E-1	-1.18812E-2
3.99356E-2	3.81970E-5	2.35784E-1	-9.51129E-3
2.99356E-2	3.79985E-5	2.34559E-1	-7.09258E-3
1.99366E-2	3.91098E-5	2.41419E-1	-4.86168E-3
9.93371E-3	3.76127E-5	2.32177E-1	-2.32968E-3
-6.58035E-5	3.66040E-5	2.25951E-1	1.50185E-5
-9.98569E-3	3.62898E-5	2.24011E-1	2.25950E-3
-1.99881E-2	3.61879E-5	2.23382E-1	4.51008E-3
-2.99852E-2	3.56315E-5	2.19948E-1	6.66179E-3
-3.99864E-2	3.58757E-5	2.21455E-1	8.94463E-3
-4.99837E-2	3.56252E-5	2.19909E-1	1.11029E-2
-5.99923E-2	3.50904E-5	2.16607E-1	1.31260E-2
-6.99890E-2	3.46751E-5	2.14044E-1	1.51320E-2
-7.99906E-2	3.43594E-5	2.12095E-1	1.71370E-2
-8.99887E-2	3.59901E-5	2.22161E-1	2.01939E-2
-9.99966E-2	3.63289E-5	2.24252E-1	2.26510E-2
-1.09996E-1	3.54701E-5	2.18951E-1	2.43270E-2
-1.19997E-1	3.62494E-5	2.23762E-1	2.71220E-2
-1.29998E-1	3.43028E-5	2.11746E-1	2.78046E-2
-1.39996E-1	3.40231E-5	2.10019E-1	2.96988E-2
-1.49999E-1	3.33821E-5	2.06062E-1	3.12214E-2
-1.59990E-1	3.35522E-5	2.07112E-1	3.34706E-2
-1.69995E-1	3.16770E-5	1.95537E-1	3.35761E-2
-1.79988E-1	3.23751E-5	1.99846E-1	3.63333E-2
-1.89991E-1	3.18179E-5	1.96407E-1	3.76924E-2
-1.99991E-1	3.13863E-5	1.93743E-1	3.91382E-2
-2.09995E-1	3.21626E-5	1.98535E-1	4.21124E-2
-2.19993E-1	3.35010E-5	2.06796E-1	4.59533E-2
-2.29993E-1	3.07618E-5	1.89888E-1	4.41140E-2
-2.40000E-1	3.01405E-5	1.86052E-1	4.51036E-2
-2.49996E-1	3.04373E-5	1.87885E-1	4.74448E-2
-2.59995E-1	2.90412E-5	1.79267E-1	4.70792E-2
-2.69994E-1	2.94513E-5	1.81798E-1	4.95802E-2
-2.79994E-1	2.86948E-5	1.77128E-1	5.00958E-2
-2.89994E-1	2.89568E-5	1.78746E-1	5.23588E-2
-2.99991E-1	2.85515E-5	1.76244E-1	5.34056E-2
-3.09993E-1	3.12205E-5	1.92719E-1	6.03450E-2
-3.19994E-1	3.14128E-5	1.93906E-1	6.26756E-2
-3.29991E-1	3.95591E-5	2.44192E-1	8.13951E-2
-3.39993E-1	3.49683E-5	2.15854E-1	7.41300E-2
-3.50000E-1	3.68912E-5	2.27723E-1	8.05083E-2
-3.59997E-1	3.58838E-5	2.21505E-1	8.05466E-2
-3.69997E-1	3.68617E-5	2.27541E-1	8.50400E-2
-3.79997E-1	3.63804E-5	2.24570E-1	8.61980E-2
-3.89998E-1	3.73091E-5	2.30303E-1	9.07250E-2
-3.99997E-1	3.63827E-5	2.24585E-1	9.07406E-2
-4.09997E-1	3.69367E-5	2.28004E-1	9.44253E-2
-4.19997E-1	3.64107E-5	2.24757E-1	9.53509E-2
-4.29997E-1	3.54379E-5	2.18752E-1	9.50130E-2
-4.39999E-1	3.27407E-5	2.02103E-1	8.98234E-2
-4.49997E-1	3.23441E-5	1.99655E-1	9.07516E-2
-4.59995E-1	3.78889E-5	2.33882E-1	1.08671E-1
-4.69993E-1	3.77339E-5	2.32925E-1	1.10579E-1
-4.79992E-1	3.70193E-5	2.28514E-1	1.10793E-1
-4.89986E-1	3.44596E-5	2.12714E-1	1.05279E-1
-4.99993E-1	3.59409E-5	2.21857E-1	1.12048E-1
-5.09991E-1	3.72659E-5	2.30036E-1	1.18502E-1
-5.19991E-1	3.58818E-5	2.21493E-1	1.16338E-1
-5.29990E-1	3.34450E-5	2.06451E-1	1.10522E-1
-5.39995E-1	2.44262E-5	1.50779E-1	8.22423E-2
-5.49991E-1	2.42334E-5	1.49589E-1	8.31036E-2
-5.59988E-1	2.34934E-5	1.45021E-1	8.20303E-2
-5.69987E-1	2.33920E-5	1.44395E-1	8.31347E-2
-5.79981E-1	2.42409E-5	1.49635E-1	8.76622E-2
-5.89981E-1	2.32621E-5	1.43593E-1	8.55730E-2
-5.99983E-1	2.28169E-5	1.40845E-1	8.53582E-2
-6.09985E-1	2.26183E-5	1.39619E-1	8.60258E-2
-6.19985E-1	2.27035E-5	1.40145E-1	8.77655E-2
-6.29983E-1	2.26856E-5	1.40035E-1	8.91105E-2
-6.40018E-1	2.24270E-5	1.38438E-1	8.94980E-2
-6.50023E-1	2.27412E-5	1.40378E-1	9.21705E-2
-6.60021E-1	2.24653E-5	1.38675E-1	9.24527E-2
-6.70022E-1	2.26416E-5	1.39763E-1	9.45902E-2
-6.80026E-1	2.22085E-5	1.37090E-1	9.41661E-2
-6.90027E-1	2.21269E-5	1.36586E-1	9.51999E-2
-7.00025E-1	2.16383E-5	1.33570E-1	9.44466E-2
-7.10021E-1	2.25902E-5	1.39446E-1	1.00009E-1
-7.20021E-1	2.14414E-5	1.32354E-1	9.62605E-2
-7.30018E-1	2.17629E-5	1.34339E-1	9.90604E-2
-7.40017E-1	2.13515E-5	1.31799E-1	9.85190E-2
-7.50017E-1	2.12403E-5	1.31113E-1	9.93303E-2
-7.60019E-1	2.12149E-5	1.30956E-1	1.00535E-1
-7.70021E-1	2.15854E-5	1.33243E-1	1.03636E-1
-7.80018E-1	2.07327E-5	1.27980E-1	1.00835E-1
-7.90027E-1	2.09988E-5	1.29622E-1	1.03439E-1
-8.00026E-1	2.03861E-5	1.25840E-1	1.01692E-1
-8.10028E-1	2.07274E-5	1.27947E-1	1.04687E-1
-8.20029E-1	2.09139E-5	1.29098E-1	1.06934E-1
-8.30032E-1	2.04916E-5	1.26491E-1	1.06052E-1
-8.40030E-1	1.99457E-5	1.23122E-1	1.04471E-1
-8.50033E-1	2.05652E-5	1.26946E-1	1.08998E-1
-8.60033E-1	2.11345E-5	1.30460E-1	1.13333E-1
-8.70033E-1	2.75694E-5	1.70181E-1	1.49559E-1
-8.80029E-1	1.99045E-5	1.22867E-1	1.09219E-1
-8.90026E-1	2.04195E-5	1.26046E-1	1.13318E-1
-9.00028E-1	2.01611E-5	1.24451E-1	1.13141E-1
-9.10027E-1	2.05916E-5	1.27109E-1	1.16841E-1
-9.20028E-1	1.98583E-5	1.22582E-1	1.13918E-1
-9.30028E-1	2.00606E-5	1.23831E-1	1.16329E-1
-9.40033E-1	1.91187E-5	1.18017E-1	1.12060E-1
-9.50030E-1	2.53809E-5	1.56672E-1	1.50347E-1
-9.60031E-1	1.95443E-5	1.20644E-1	1.16992E-1
-9.70034E-1	1.94587E-5	1.20115E-1	1.17693E-1
-9.80033E-1	1.97652E-5	1.22007E-1	1.20779E-1
-9.90032E-1	2.04643E-5	1.26323E-1	1.26327E-1
-1.00003E+0	2.06635E-5	1.27552E-1	1.28845E-1
-1.01003E+0	2.01380E-5	1.24309E-1	1.26824E-1
