1.00999E+0	5.07617E-3	3.13344E+1	-3.27274E+1
1.00001E+0	2.91642E-3	1.80026E+1	-1.86171E+1
9.89999E-1	2.87659E-3	1.77567E+1	-1.81791E+1
9.79989E-1	2.91520E-3	1.79951E+1	-1.82368E+1
9.70014E-1	2.92783E-3	1.80730E+1	-1.81294E+1
9.60001E-1	2.91480E-3	1.79926E+1	-1.78624E+1
9.49991E-1	2.91172E-3	1.79736E+1	-1.76574E+1
9.40016E-1	2.89457E-3	1.78677E+1	-1.73691E+1
9.30005E-1	2.89633E-3	1.78786E+1	-1.71946E+1
9.19991E-1	2.89104E-3	1.78459E+1	-1.69784E+1
9.09979E-1	2.89054E-3	1.78428E+1	-1.67907E+1
9.00003E-1	2.87751E-3	1.77624E+1	-1.65318E+1
8.89991E-1	2.88760E-3	1.78247E+1	-1.64052E+1
8.79982E-1	2.87986E-3	1.77769E+1	-1.61772E+1
8.70008E-1	2.88360E-3	1.78000E+1	-1.60146E+1
8.59995E-1	2.88529E-3	1.78104E+1	-1.58396E+1
8.49984E-1	2.89156E-3	1.78491E+1	-1.56892E+1
8.39974E-1	2.89377E-3	1.78628E+1	-1.55163E+1
8.30003E-1	2.87841E-3	1.77680E+1	-1.52507E+1
8.19991E-1	2.88322E-3	1.77977E+1	-1.50920E+1
8.09981E-1	2.87981E-3	1.77766E+1	-1.48901E+1
8.00005E-1	2.87729E-3	1.77610E+1	-1.46938E+1
7.89992E-1	2.86422E-3	1.76804E+1	-1.44440E+1
7.79976E-1	2.88284E-3	1.77953E+1	-1.43536E+1
7.70003E-1	2.88417E-3	1.78035E+1	-1.41766E+1
7.59994E-1	2.87850E-3	1.77685E+1	-1.39648E+1
7.49984E-1	2.89108E-3	1.78462E+1	-1.38411E+1
7.39968E-1	2.87590E-3	1.77525E+1	-1.35845E+1
7.29992E-1	2.88096E-3	1.77837E+1	-1.34250E+1
7.19983E-1	2.87438E-3	1.77431E+1	-1.32107E+1
7.09973E-1	2.87176E-3	1.77269E+1	-1.30151E+1
7.00000E-1	2.86477E-3	1.76838E+1	-1.28011E+1
6.89988E-1	2.87565E-3	1.77509E+1	-1.26659E+1
6.79974E-1	2.86441E-3	1.76815E+1	-1.24333E+1
6.69998E-1	2.86116E-3	1.76615E+1	-1.22370E+1
6.59986E-1	2.87081E-3	1.77210E+1	-1.20948E+1
6.49975E-1	2.86357E-3	1.76764E+1	-1.18813E+1
6.39965E-1	2.87663E-3	1.77570E+1	-1.17516E+1
6.29983E-1	2.86711E-3	1.76982E+1	-1.15301E+1
6.19973E-1	2.86959E-3	1.77135E+1	-1.13567E+1
6.09965E-1	2.87184E-3	1.77274E+1	-1.11821E+1
5.99989E-1	2.86744E-3	1.77002E+1	-1.09824E+1
5.89978E-1	2.87386E-3	1.77399E+1	-1.08233E+1
5.79967E-1	2.85300E-3	1.76111E+1	-1.05624E+1
5.69990E-1	2.86602E-3	1.76915E+1	-1.04281E+1
5.59979E-1	2.86578E-3	1.76900E+1	-1.02441E+1
5.49968E-1	2.87059E-3	1.77197E+1	-1.00778E+1
5.39958E-1	2.86906E-3	1.77102E+1	-9.88913E+0
5.29981E-1	2.86691E-3	1.76970E+1	-9.69913E+0
5.19969E-1	2.86787E-3	1.77029E+1	-9.51909E+0
5.09960E-1	2.87342E-3	1.77372E+1	-9.35392E+0
4.99987E-1	2.85101E-3	1.75988E+1	-9.09947E+0
4.89972E-1	2.86594E-3	1.76910E+1	-8.96390E+0
4.79955E-1	2.84490E-3	1.75611E+1	-8.71618E+0
4.69978E-1	2.87030E-3	1.77179E+1	-8.61119E+0
4.59967E-1	2.85731E-3	1.76377E+1	-8.38962E+0
4.49950E-1	2.84869E-3	1.75845E+1	-8.18216E+0
4.39940E-1	2.86228E-3	1.76684E+1	-8.03830E+0
4.29966E-1	2.84781E-3	1.75791E+1	-7.81634E+0
4.19951E-1	2.85063E-3	1.75965E+1	-7.64184E+0
4.09939E-1	2.84977E-3	1.75912E+1	-7.45740E+0
3.99962E-1	2.83692E-3	1.75119E+1	-7.24310E+0
3.89951E-1	2.84456E-3	1.75590E+1	-7.08082E+0
3.79941E-1	2.84557E-3	1.75652E+1	-6.90151E+0
3.69931E-1	2.84669E-3	1.75722E+1	-6.72232E+0
3.59953E-1	2.84336E-3	1.75516E+1	-6.53335E+0
3.49941E-1	2.80236E-3	1.72985E+1	-6.26004E+0
3.39928E-1	2.85454E-3	1.76206E+1	-6.19415E+0
3.29950E-1	2.83318E-3	1.74888E+1	-5.96734E+0
3.19940E-1	2.83549E-3	1.75030E+1	-5.79102E+0
3.09921E-1	2.83431E-3	1.74957E+1	-5.60734E+0
2.99948E-1	2.84233E-3	1.75452E+1	-5.44226E+0
2.89934E-1	2.83079E-3	1.74740E+1	-5.23920E+0
2.79925E-1	2.82100E-3	1.74136E+1	-5.04084E+0
2.69917E-1	2.84600E-3	1.75679E+1	-4.90370E+0
2.59941E-1	2.81984E-3	1.74064E+1	-4.67905E+0
2.49928E-1	2.83727E-3	1.75140E+1	-4.52662E+0
2.39916E-1	2.83817E-3	1.75196E+1	-4.34666E+0
2.29941E-1	2.83525E-3	1.75015E+1	-4.16166E+0
2.19930E-1	2.84405E-3	1.75559E+1	-3.99282E+0
2.09917E-1	2.81391E-3	1.73698E+1	-3.77065E+0
1.99936E-1	2.81865E-3	1.73991E+1	-3.59742E+0
1.89921E-1	2.80974E-3	1.73441E+1	-3.40642E+0
1.79912E-1	2.82980E-3	1.74679E+1	-3.24993E+0
1.69899E-1	2.82385E-3	1.74312E+1	-3.06260E+0
1.59923E-1	2.82796E-3	1.74565E+1	-2.88697E+0
1.49909E-1	2.81387E-3	1.73696E+1	-2.69271E+0
1.39896E-1	2.80870E-3	1.73377E+1	-2.50824E+0
1.29917E-1	2.82659E-3	1.74481E+1	-2.34416E+0
1.19907E-1	2.81422E-3	1.73717E+1	-2.15408E+0
1.09896E-1	2.81986E-3	1.74065E+1	-1.97819E+0
9.99198E-2	2.81443E-3	1.73730E+1	-1.79515E+0
8.99057E-2	2.79940E-3	1.72802E+1	-1.60661E+0
7.98998E-2	2.81198E-3	1.73579E+1	-1.43422E+0
6.98876E-2	2.81065E-3	1.73497E+1	-1.25391E+0
5.99139E-2	2.80557E-3	1.73183E+1	-1.07302E+0
4.98977E-2	2.81562E-3	1.73804E+1	-8.96836E-1
3.98831E-2	2.80023E-3	1.72854E+1	-7.12921E-1
2.99089E-2	2.80385E-3	1.73077E+1	-5.35320E-1
1.98953E-2	2.80497E-3	1.73146E+1	-3.56236E-1
9.88245E-3	2.81125E-3	1.73534E+1	-1.77346E-1
-9.58443E-5	2.80293E-3	1.73020E+1	1.71489E-3
-1.01962E-2	2.80298E-3	1.73023E+1	1.82439E-1
-2.02098E-2	2.80842E-3	1.73359E+1	3.62312E-1
-3.02193E-2	2.79200E-3	1.72346E+1	5.38590E-1
-4.01981E-2	2.79235E-3	1.72367E+1	7.16529E-1
-5.02064E-2	2.78279E-3	1.71777E+1	8.91863E-1
-6.02241E-2	2.78692E-3	1.72032E+1	1.07140E+0
-7.02338E-2	2.77079E-3	1.71036E+1	1.24225E+0
-8.02071E-2	2.77727E-3	1.71436E+1	1.42197E+0
-9.02169E-2	2.77990E-3	1.71599E+1	1.60094E+0
-1.00225E-1	2.77881E-3	1.71531E+1	1.77784E+0
-1.10234E-1	2.77668E-3	1.71400E+1	1.95389E+0
-1.20216E-1	2.76063E-3	1.70409E+1	2.11850E+0
-1.30227E-1	2.76456E-3	1.70652E+1	2.29819E+0
-1.40237E-1	2.76860E-3	1.70901E+1	2.47846E+0
-1.50212E-1	2.77305E-3	1.71176E+1	2.65902E+0
-1.60222E-1	2.75571E-3	1.70106E+1	2.81847E+0
-1.70235E-1	2.75060E-3	1.69790E+1	2.98906E+0
-1.80248E-1	2.75458E-3	1.70036E+1	3.16945E+0
-1.90224E-1	2.74194E-3	1.69256E+1	3.32952E+0
-2.00233E-1	2.74564E-3	1.69484E+1	3.50944E+0
-2.10248E-1	2.74098E-3	1.69196E+1	3.67872E+0
-2.20264E-1	2.72759E-3	1.68370E+1	3.83514E+0
-2.30240E-1	2.74219E-3	1.69271E+1	4.03029E+0
-2.40250E-1	2.73606E-3	1.68893E+1	4.19612E+0
-2.50256E-1	2.73281E-3	1.68692E+1	4.36569E+0
-2.60231E-1	2.73234E-3	1.68663E+1	4.53892E+0
-2.70242E-1	2.70877E-3	1.67208E+1	4.67287E+0
-2.80255E-1	2.71403E-3	1.67533E+1	4.85542E+0
-2.90267E-1	2.69499E-3	1.66357E+1	4.99360E+0
-3.00242E-1	2.68949E-3	1.66018E+1	5.15466E+0
-3.10255E-1	2.70918E-3	1.67233E+1	5.36556E+0
-3.20267E-1	2.69661E-3	1.66457E+1	5.51301E+0
-3.30276E-1	2.69236E-3	1.66195E+1	5.67634E+0
-3.40255E-1	2.67803E-3	1.65310E+1	5.81672E+0
-3.50268E-1	2.67921E-3	1.65383E+1	5.99054E+0
-3.60278E-1	2.66072E-3	1.64242E+1	6.11921E+0
-3.70252E-1	2.66246E-3	1.64349E+1	6.29273E+0
-3.80267E-1	2.65400E-3	1.63827E+1	6.44241E+0
-3.90277E-1	2.63412E-3	1.62600E+1	6.56247E+0
-4.00287E-1	2.62766E-3	1.62201E+1	6.71428E+0
-4.10260E-1	2.61294E-3	1.61293E+1	6.84301E+0
-4.20272E-1	2.60772E-3	1.60970E+1	6.99600E+0
-4.30280E-1	2.60729E-3	1.60944E+1	7.16142E+0
-4.40291E-1	2.57371E-3	1.58871E+1	7.23366E+0
-4.50266E-1	2.57024E-3	1.58657E+1	7.38757E+0
-4.60278E-1	2.56763E-3	1.58496E+1	7.54416E+0
-4.70292E-1	2.53320E-3	1.56370E+1	7.60494E+0
-4.80265E-1	2.52400E-3	1.55802E+1	7.73800E+0
-4.90279E-1	2.50806E-3	1.54819E+1	7.84946E+0
-5.00289E-1	2.47189E-3	1.52586E+1	7.89421E+0
-5.10300E-1	2.45763E-3	1.51706E+1	8.00572E+0
-5.20273E-1	2.44206E-3	1.50744E+1	8.11047E+0
-5.30283E-1	2.41712E-3	1.49205E+1	8.18209E+0
-5.40293E-1	2.37631E-3	1.46686E+1	8.19579E+0
-5.50310E-1	2.34792E-3	1.44933E+1	8.24801E+0
-5.60284E-1	2.30257E-3	1.42134E+1	8.23530E+0
-5.70294E-1	2.25917E-3	1.39455E+1	8.22444E+0
-5.80302E-1	2.22936E-3	1.37615E+1	8.25834E+0
-5.90313E-1	2.17095E-3	1.34009E+1	8.18070E+0
-6.00287E-1	2.11705E-3	1.30682E+1	8.11239E+0
-6.10303E-1	2.06425E-3	1.27423E+1	8.04204E+0
-6.20313E-1	1.99162E-3	1.22940E+1	7.88635E+0
-6.30285E-1	1.93417E-3	1.19393E+1	7.78198E+0
-6.40295E-1	1.85535E-3	1.14528E+1	7.58341E+0
-6.50309E-1	1.77620E-3	1.09642E+1	7.37344E+0
-6.60323E-1	1.69299E-3	1.04506E+1	7.13624E+0
-6.70297E-1	1.59507E-3	9.84611E+0	6.82505E+0
-6.80302E-1	1.50187E-3	9.27080E+0	6.52218E+0
-6.90315E-1	1.39956E-3	8.63926E+0	6.16733E+0
-7.00320E-1	1.28971E-3	7.96117E+0	5.76563E+0
-7.10300E-1	1.18024E-3	7.28543E+0	5.35144E+0
-7.20310E-1	1.05867E-3	6.53500E+0	4.86787E+0
-7.30320E-1	9.34048E-4	5.76573E+0	4.35453E+0
-7.40297E-1	8.12037E-4	5.01257E+0	3.83743E+0
-7.50304E-1	6.77119E-4	4.17975E+0	3.24310E+0
-7.60321E-1	5.48238E-4	3.38419E+0	2.66088E+0
-7.70327E-1	4.13522E-4	2.55260E+0	2.03344E+0
-7.80304E-1	2.66036E-4	1.64220E+0	1.32514E+0
-7.90316E-1	1.30898E-4	8.08012E-1	6.60378E-1
-8.00329E-1	-1.79459E-5	-1.10777E-1	-9.16837E-2
-8.10344E-1	-1.66258E-4	-1.02628E+0	-8.60024E-1
-8.20318E-1	-3.15218E-4	-1.94579E+0	-1.65064E+0
-8.30328E-1	-4.66172E-4	-2.87760E+0	-2.47090E+0
-8.40338E-1	-6.21269E-4	-3.83499E+0	-3.33267E+0
-8.50307E-1	-7.75458E-4	-4.78678E+0	-4.20913E+0
-8.60317E-1	-9.34568E-4	-5.76894E+0	-5.13249E+0
-8.70323E-1	-1.09027E-3	-6.73006E+0	-6.05722E+0
-8.80334E-1	-1.25027E-3	-7.71772E+0	-7.02603E+0
-8.90308E-1	-1.41206E-3	-8.71642E+0	-8.02513E+0
-9.00320E-1	-1.57502E-3	-9.72235E+0	-9.05194E+0
-9.10330E-1	-1.73972E-3	-1.07390E+1	-1.01097E+1
-9.20337E-1	-1.90644E-3	-1.17681E+1	-1.12003E+1
-9.30316E-1	-2.07282E-3	-1.27952E+1	-1.23098E+1
-9.40328E-1	-2.24167E-3	-1.38375E+1	-1.34558E+1
-9.50336E-1	-2.41056E-3	-1.48800E+1	-1.46236E+1
-9.60314E-1	-2.57987E-3	-1.59251E+1	-1.58150E+1
-9.70324E-1	-2.75077E-3	-1.69801E+1	-1.70384E+1
-9.80337E-1	-2.92343E-3	-1.80459E+1	-1.82948E+1
-9.90345E-1	-3.09576E-3	-1.91096E+1	-1.95710E+1
-1.00032E+0	-3.26898E-3	-2.01789E+1	-2.08742E+1
-1.01032E+0	-3.44291E-3	-2.12525E+1	-2.22046E+1
