1.01000E+0	5.53310E-3	3.41549E+1	-3.56737E+1
1.00002E+0	3.39360E-3	2.09481E+1	-2.16635E+1
9.90011E-1	3.39339E-3	2.09469E+1	-2.14453E+1
9.80001E-1	3.40423E-3	2.10138E+1	-2.12963E+1
9.70025E-1	3.40069E-3	2.09919E+1	-2.10576E+1
9.60014E-1	3.39628E-3	2.09647E+1	-2.08132E+1
9.50003E-1	3.40160E-3	2.09975E+1	-2.06285E+1
9.40028E-1	3.39397E-3	2.09504E+1	-2.03661E+1
9.30014E-1	3.40352E-3	2.10094E+1	-2.02058E+1
9.20001E-1	3.38813E-3	2.09144E+1	-1.98979E+1
9.09989E-1	3.36752E-3	2.07872E+1	-1.95616E+1
9.00009E-1	3.37519E-3	2.08345E+1	-1.93912E+1
8.89998E-1	3.38469E-3	2.08931E+1	-1.92294E+1
8.79989E-1	3.37614E-3	2.08404E+1	-1.89651E+1
8.70014E-1	3.39121E-3	2.09334E+1	-1.88339E+1
8.60005E-1	3.39376E-3	2.09491E+1	-1.86312E+1
8.49994E-1	3.39246E-3	2.09411E+1	-1.84073E+1
8.39982E-1	3.37897E-3	2.08578E+1	-1.81181E+1
8.30008E-1	3.38589E-3	2.09006E+1	-1.79396E+1
8.19995E-1	3.36870E-3	2.07944E+1	-1.76332E+1
8.09983E-1	3.38434E-3	2.08910E+1	-1.74988E+1
8.00007E-1	3.37766E-3	2.08498E+1	-1.72492E+1
7.89993E-1	3.38394E-3	2.08885E+1	-1.70649E+1
7.79977E-1	3.39218E-3	2.09394E+1	-1.68896E+1
7.70003E-1	3.38423E-3	2.08903E+1	-1.66345E+1
7.59990E-1	3.36311E-3	2.07599E+1	-1.63158E+1
7.49979E-1	3.38051E-3	2.08673E+1	-1.61841E+1
7.39964E-1	3.38763E-3	2.09113E+1	-1.60017E+1
7.29989E-1	3.38779E-3	2.09123E+1	-1.57867E+1
7.19974E-1	3.36164E-3	2.07509E+1	-1.54499E+1
7.09964E-1	3.37175E-3	2.08133E+1	-1.52809E+1
6.99992E-1	3.36453E-3	2.07687E+1	-1.50341E+1
6.89982E-1	3.34551E-3	2.06513E+1	-1.47353E+1
6.79970E-1	3.36515E-3	2.07725E+1	-1.46067E+1
6.69998E-1	3.35814E-3	2.07293E+1	-1.43625E+1
6.59985E-1	3.37818E-3	2.08530E+1	-1.42323E+1
6.49973E-1	3.35956E-3	2.07380E+1	-1.39391E+1
6.39964E-1	3.36162E-3	2.07507E+1	-1.37329E+1
6.29982E-1	3.34324E-3	2.06373E+1	-1.34448E+1
6.19969E-1	3.35635E-3	2.07182E+1	-1.32830E+1
6.09962E-1	3.35075E-3	2.06836E+1	-1.30468E+1
5.99985E-1	3.35145E-3	2.06880E+1	-1.28361E+1
5.89973E-1	3.36007E-3	2.07412E+1	-1.26543E+1
5.79961E-1	3.35412E-3	2.07044E+1	-1.24175E+1
5.69987E-1	3.35009E-3	2.06796E+1	-1.21893E+1
5.59974E-1	3.34283E-3	2.06348E+1	-1.19493E+1
5.49965E-1	3.35093E-3	2.06848E+1	-1.17641E+1
5.39952E-1	3.34467E-3	2.06461E+1	-1.15283E+1
5.29976E-1	3.36154E-3	2.07502E+1	-1.13724E+1
5.19962E-1	3.35764E-3	2.07262E+1	-1.11446E+1
5.09950E-1	3.35542E-3	2.07125E+1	-1.09228E+1
4.99979E-1	3.34303E-3	2.06360E+1	-1.06697E+1
4.89965E-1	3.35416E-3	2.07047E+1	-1.04908E+1
4.79949E-1	3.35266E-3	2.06954E+1	-1.02717E+1
4.69972E-1	3.34590E-3	2.06537E+1	-1.00379E+1
4.59963E-1	3.33658E-3	2.05962E+1	-9.79677E+0
4.49949E-1	3.34826E-3	2.06683E+1	-9.61703E+0
4.39940E-1	3.32852E-3	2.05464E+1	-9.34766E+0
4.29965E-1	3.34973E-3	2.06773E+1	-9.19393E+0
4.19954E-1	3.34170E-3	2.06278E+1	-8.95834E+0
4.09942E-1	3.34039E-3	2.06197E+1	-8.74134E+0
3.99967E-1	3.34851E-3	2.06698E+1	-8.54937E+0
3.89953E-1	3.34859E-3	2.06703E+1	-8.33552E+0
3.79944E-1	3.34484E-3	2.06472E+1	-8.11248E+0
3.69933E-1	3.33127E-3	2.05634E+1	-7.86668E+0
3.59956E-1	3.34935E-3	2.06750E+1	-7.69606E+0
3.49948E-1	3.32372E-3	2.05168E+1	-7.42483E+0
3.39933E-1	3.33038E-3	2.05579E+1	-7.22679E+0
3.29953E-1	3.33239E-3	2.05703E+1	-7.01886E+0
3.19942E-1	3.31155E-3	2.04417E+1	-6.76334E+0
3.09930E-1	3.32385E-3	2.05176E+1	-6.57603E+0
2.99949E-1	3.31119E-3	2.04394E+1	-6.34001E+0
2.89938E-1	3.31702E-3	2.04754E+1	-6.13920E+0
2.79926E-1	3.32407E-3	2.05190E+1	-5.93980E+0
2.69914E-1	3.32205E-3	2.05065E+1	-5.72387E+0
2.59940E-1	3.33359E-3	2.05777E+1	-5.53151E+0
2.49927E-1	3.31771E-3	2.04797E+1	-5.29310E+0
2.39915E-1	3.30451E-3	2.03982E+1	-5.06084E+0
2.29941E-1	3.31711E-3	2.04760E+1	-4.86894E+0
2.19926E-1	3.31126E-3	2.04399E+1	-4.64867E+0
2.09918E-1	3.32758E-3	2.05406E+1	-4.45899E+0
1.99935E-1	3.30577E-3	2.04060E+1	-4.21910E+0
1.89925E-1	3.31668E-3	2.04733E+1	-4.02109E+0
1.79915E-1	3.31532E-3	2.04649E+1	-3.80760E+0
1.69903E-1	3.32431E-3	2.05204E+1	-3.60546E+0
1.59926E-1	3.30660E-3	2.04111E+1	-3.37566E+0
1.49912E-1	3.29244E-3	2.03237E+1	-3.15074E+0
1.39898E-1	3.30981E-3	2.04309E+1	-2.95579E+0
1.29921E-1	3.30433E-3	2.03971E+1	-2.74045E+0
1.19913E-1	3.31215E-3	2.04454E+1	-2.53533E+0
1.09905E-1	3.31620E-3	2.04704E+1	-2.32657E+0
9.99284E-2	3.29461E-3	2.03371E+1	-2.10161E+0
8.99146E-2	3.30535E-3	2.04034E+1	-1.89717E+0
7.99046E-2	3.28315E-3	2.02664E+1	-1.67464E+0
6.98941E-2	3.31238E-3	2.04468E+1	-1.47788E+0
5.99191E-2	3.30488E-3	2.04005E+1	-1.26409E+0
4.99015E-2	3.28295E-3	2.02651E+1	-1.04577E+0
3.98867E-2	3.28447E-3	2.02745E+1	-8.36280E-1
2.99113E-2	3.28723E-3	2.02915E+1	-6.27659E-1
1.98998E-2	3.26632E-3	2.01625E+1	-4.14922E-1
9.88793E-3	3.28131E-3	2.02550E+1	-2.07115E-1
-8.74996E-5	3.27523E-3	2.02175E+1	1.82939E-3
-1.01871E-2	3.26048E-3	2.01264E+1	2.12027E-1
-2.02010E-2	3.26983E-3	2.01841E+1	4.21654E-1
-3.02145E-2	3.26268E-3	2.01400E+1	6.29286E-1
-4.01864E-2	3.28345E-3	2.02682E+1	8.42302E-1
-5.01978E-2	3.27207E-3	2.01980E+1	1.04849E+0
-6.02148E-2	3.28358E-3	2.02690E+1	1.26215E+0
-7.02255E-2	3.27752E-3	2.02316E+1	1.46926E+0
-8.02009E-2	3.26520E-3	2.01556E+1	1.67166E+0
-9.02119E-2	3.26960E-3	2.01827E+1	1.88286E+0
-1.00219E-1	3.26576E-3	2.01590E+1	2.08926E+0
-1.10233E-1	3.26274E-3	2.01404E+1	2.29590E+0
-1.20209E-1	3.26131E-3	2.01315E+1	2.50258E+0
-1.30215E-1	3.25482E-3	2.00915E+1	2.70549E+0
-1.40227E-1	3.27547E-3	2.02190E+1	2.93200E+0
-1.50199E-1	3.26962E-3	2.01828E+1	3.13489E+0
-1.60212E-1	3.24795E-3	2.00491E+1	3.32172E+0
-1.70226E-1	3.24902E-3	2.00557E+1	3.53050E+0
-1.80238E-1	3.25541E-3	2.00951E+1	3.74551E+0
-1.90212E-1	3.23774E-3	1.99860E+1	3.93132E+0
-2.00227E-1	3.23892E-3	1.99933E+1	4.13982E+0
-2.10241E-1	3.24445E-3	2.00275E+1	4.35429E+0
-2.20253E-1	3.22967E-3	1.99362E+1	4.54086E+0
-2.30230E-1	3.21695E-3	1.98577E+1	4.72786E+0
-2.40239E-1	3.23106E-3	1.99448E+1	4.95504E+0
-2.50251E-1	3.22407E-3	1.99017E+1	5.15037E+0
-2.60222E-1	3.23136E-3	1.99467E+1	5.36770E+0
-2.70237E-1	3.19811E-3	1.97414E+1	5.51692E+0
-2.80247E-1	3.21025E-3	1.98164E+1	5.74299E+0
-2.90260E-1	3.23020E-3	1.99395E+1	5.98515E+0
-3.00233E-1	3.22942E-3	1.99347E+1	6.18930E+0
-3.10240E-1	3.20386E-3	1.97769E+1	6.34497E+0
-3.20256E-1	3.20458E-3	1.97814E+1	6.55129E+0
-3.30263E-1	3.20802E-3	1.98026E+1	6.76325E+0
-3.40241E-1	3.18568E-3	1.96647E+1	6.91906E+0
-3.50253E-1	3.19763E-3	1.97385E+1	7.14938E+0
-3.60264E-1	3.17936E-3	1.96257E+1	7.31171E+0
-3.70239E-1	3.18634E-3	1.96688E+1	7.53066E+0
-3.80253E-1	3.18765E-3	1.96769E+1	7.73752E+0
-3.90263E-1	3.17615E-3	1.96059E+1	7.91256E+0
-4.00274E-1	3.19144E-3	1.97002E+1	8.15460E+0
-4.10244E-1	3.16966E-3	1.95658E+1	8.30068E+0
-4.20258E-1	3.16444E-3	1.95336E+1	8.48929E+0
-4.30265E-1	3.17543E-3	1.96014E+1	8.72162E+0
-4.40277E-1	3.16463E-3	1.95348E+1	8.89421E+0
-4.50252E-1	3.15523E-3	1.94767E+1	9.06870E+0
-4.60266E-1	3.14132E-3	1.93909E+1	9.22953E+0
-4.70277E-1	3.14128E-3	1.93906E+1	9.43016E+0
-4.80254E-1	3.13451E-3	1.93488E+1	9.60946E+0
-4.90265E-1	3.12162E-3	1.92693E+1	9.76943E+0
-5.00276E-1	3.12425E-3	1.92855E+1	9.97732E+0
-5.10283E-1	3.10424E-3	1.91620E+1	1.01117E+1
-5.20258E-1	3.10605E-3	1.91731E+1	1.03154E+1
-5.30268E-1	3.08007E-3	1.90128E+1	1.04259E+1
-5.40276E-1	3.07415E-3	1.89762E+1	1.06023E+1
-5.50294E-1	3.05442E-3	1.88544E+1	1.07296E+1
-5.60266E-1	3.04748E-3	1.88116E+1	1.08992E+1
-5.70275E-1	3.04419E-3	1.87913E+1	1.10819E+1
-5.80286E-1	3.01514E-3	1.86120E+1	1.11688E+1
-5.90295E-1	3.02037E-3	1.86443E+1	1.13812E+1
-6.00269E-1	2.98836E-3	1.84467E+1	1.14508E+1
-6.10280E-1	2.96341E-3	1.82927E+1	1.15446E+1
-6.20291E-1	2.94357E-3	1.81702E+1	1.16554E+1
-6.30266E-1	2.93048E-3	1.80894E+1	1.17902E+1
-6.40279E-1	2.89155E-3	1.78491E+1	1.18184E+1
-6.50292E-1	2.86814E-3	1.77046E+1	1.19060E+1
-6.60303E-1	2.82408E-3	1.74326E+1	1.19036E+1
-6.70276E-1	2.76750E-3	1.70833E+1	1.18413E+1
-6.80285E-1	2.72415E-3	1.68157E+1	1.18299E+1
-6.90299E-1	2.63564E-3	1.62694E+1	1.16140E+1
-7.00305E-1	2.57348E-3	1.58857E+1	1.15045E+1
-7.10279E-1	2.48451E-3	1.53365E+1	1.12649E+1
-7.20290E-1	2.38156E-3	1.47010E+1	1.09503E+1
-7.30301E-1	2.25306E-3	1.39078E+1	1.05035E+1
-7.40275E-1	2.11206E-3	1.30374E+1	9.98063E+0
-7.50283E-1	1.95607E-3	1.20745E+1	9.36846E+0
-7.60299E-1	1.77676E-3	1.09677E+1	8.62326E+0
-7.70308E-1	1.55879E-3	9.62216E+0	7.66497E+0
-7.80285E-1	1.31025E-3	8.08796E+0	6.52628E+0
-7.90296E-1	1.04111E-3	6.42660E+0	5.25224E+0
-8.00307E-1	7.35250E-4	4.53858E+0	3.75621E+0
-8.10318E-1	3.99990E-4	2.46907E+0	2.06901E+0
-8.20294E-1	3.90739E-5	2.41197E-1	2.04604E-1
-8.30308E-1	-3.53564E-4	-2.18249E+0	-1.87398E+0
-8.40316E-1	-7.69867E-4	-4.75227E+0	-4.12968E+0
-8.50287E-1	-1.21380E-3	-7.49259E+0	-6.58827E+0
-8.60300E-1	-1.68469E-3	-1.03993E+1	-9.25185E+0
-8.70312E-1	-2.17793E-3	-1.34440E+1	-1.20998E+1
-8.80320E-1	-2.69325E-3	-1.66250E+1	-1.51348E+1
-8.90297E-1	-3.22863E-3	-1.99298E+1	-1.83490E+1
-9.00307E-1	-3.78497E-3	-2.33640E+1	-2.17526E+1
-9.10321E-1	-4.35772E-3	-2.68995E+1	-2.53228E+1
-9.20330E-1	-4.94953E-3	-3.05527E+1	-2.90781E+1
-9.30304E-1	-5.55543E-3	-3.42928E+1	-3.29914E+1
-9.40317E-1	-6.17576E-3	-3.81220E+1	-3.70701E+1
-9.50328E-1	-6.81052E-3	-4.20402E+1	-4.13154E+1
-9.60300E-1	-7.45493E-3	-4.60181E+1	-4.56992E+1
-9.70310E-1	-8.11322E-3	-5.00816E+1	-5.02530E+1
-9.80325E-1	-8.78390E-3	-5.42216E+1	-5.49688E+1
-9.90335E-1	-9.46343E-3	-5.84162E+1	-5.98259E+1
-1.00031E+0	-1.01506E-2	-6.26580E+1	-6.48164E+1
-1.01032E+0	-1.08493E-2	-6.69710E+1	-6.99712E+1
