1.01000E+0	5.26857E-3	3.25220E+1	-3.39682E+1
1.00003E+0	3.16035E-3	1.95083E+1	-2.01747E+1
9.90017E-1	3.16237E-3	1.95208E+1	-1.99854E+1
9.80007E-1	3.14738E-3	1.94283E+1	-1.96896E+1
9.70032E-1	3.16661E-3	1.95470E+1	-1.96083E+1
9.60018E-1	3.16338E-3	1.95270E+1	-1.93860E+1
9.50008E-1	3.16297E-3	1.95245E+1	-1.91814E+1
9.40035E-1	3.15234E-3	1.94589E+1	-1.89163E+1
9.30019E-1	3.13711E-3	1.93649E+1	-1.86243E+1
9.20012E-1	3.14361E-3	1.94050E+1	-1.84621E+1
9.09998E-1	3.14322E-3	1.94026E+1	-1.82589E+1
9.00019E-1	3.13873E-3	1.93749E+1	-1.80328E+1
8.90008E-1	3.13739E-3	1.93666E+1	-1.78246E+1
8.79999E-1	3.14782E-3	1.94310E+1	-1.76828E+1
8.70021E-1	3.13601E-3	1.93581E+1	-1.74167E+1
8.60014E-1	3.13954E-3	1.93799E+1	-1.72357E+1
8.50001E-1	3.13675E-3	1.93627E+1	-1.70199E+1
8.39992E-1	3.11917E-3	1.92541E+1	-1.67253E+1
8.30014E-1	3.10612E-3	1.91736E+1	-1.64574E+1
8.20001E-1	3.13287E-3	1.93387E+1	-1.63989E+1
8.09993E-1	3.12804E-3	1.93089E+1	-1.61738E+1
8.00014E-1	3.12682E-3	1.93014E+1	-1.59683E+1
7.90003E-1	3.11111E-3	1.92044E+1	-1.56893E+1
7.79988E-1	3.12502E-3	1.92902E+1	-1.55596E+1
7.70013E-1	3.10618E-3	1.91740E+1	-1.52680E+1
7.60003E-1	3.11444E-3	1.92249E+1	-1.51096E+1
7.49994E-1	3.13231E-3	1.93352E+1	-1.49962E+1
7.39980E-1	3.11174E-3	1.92083E+1	-1.46988E+1
7.30009E-1	3.12043E-3	1.92619E+1	-1.45412E+1
7.19993E-1	3.10575E-3	1.91713E+1	-1.42742E+1
7.09986E-1	3.10018E-3	1.91369E+1	-1.40506E+1
7.00008E-1	3.12278E-3	1.92764E+1	-1.39541E+1
6.89996E-1	3.10625E-3	1.91744E+1	-1.36817E+1
6.79987E-1	3.11056E-3	1.92010E+1	-1.35020E+1
6.70010E-1	3.11710E-3	1.92414E+1	-1.33319E+1
6.60001E-1	3.10840E-3	1.91877E+1	-1.30960E+1
6.49989E-1	3.11954E-3	1.92564E+1	-1.29436E+1
6.39979E-1	3.11826E-3	1.92485E+1	-1.27390E+1
6.29996E-1	3.09586E-3	1.91102E+1	-1.24502E+1
6.19987E-1	3.10112E-3	1.91427E+1	-1.22733E+1
6.09975E-1	3.10807E-3	1.91856E+1	-1.21021E+1
5.99998E-1	3.10194E-3	1.91478E+1	-1.18807E+1
5.89989E-1	3.11310E-3	1.92167E+1	-1.17245E+1
5.79974E-1	3.09115E-3	1.90812E+1	-1.14442E+1
5.70000E-1	3.09728E-3	1.91190E+1	-1.12697E+1
5.59988E-1	3.09105E-3	1.90806E+1	-1.10495E+1
5.49979E-1	3.08600E-3	1.90494E+1	-1.08343E+1
5.39969E-1	3.09899E-3	1.91296E+1	-1.06819E+1
5.29989E-1	3.08332E-3	1.90328E+1	-1.04314E+1
5.19979E-1	3.09241E-3	1.90890E+1	-1.02646E+1
5.09965E-1	3.08883E-3	1.90669E+1	-1.00553E+1
4.99991E-1	3.08757E-3	1.90591E+1	-9.85457E+0
4.89979E-1	3.08876E-3	1.90664E+1	-9.66096E+0
4.79966E-1	3.07551E-3	1.89846E+1	-9.42293E+0
4.69988E-1	3.09792E-3	1.91230E+1	-9.29427E+0
4.59976E-1	3.07825E-3	1.90015E+1	-9.03853E+0
4.49964E-1	3.08652E-3	1.90526E+1	-8.86554E+0
4.39950E-1	3.08246E-3	1.90275E+1	-8.65684E+0
4.29975E-1	3.07561E-3	1.89852E+1	-8.44176E+0
4.19963E-1	3.09111E-3	1.90809E+1	-8.28675E+0
4.09952E-1	3.07318E-3	1.89702E+1	-8.04229E+0
3.99978E-1	3.08815E-3	1.90627E+1	-7.88484E+0
3.89966E-1	3.08696E-3	1.90553E+1	-7.68451E+0
3.79952E-1	3.07275E-3	1.89676E+1	-7.45271E+0
3.69940E-1	3.08108E-3	1.90190E+1	-7.27600E+0
3.59965E-1	3.07002E-3	1.89507E+1	-7.05440E+0
3.49956E-1	3.06369E-3	1.89117E+1	-6.84411E+0
3.39942E-1	3.06824E-3	1.89398E+1	-6.65814E+0
3.29968E-1	3.04705E-3	1.88090E+1	-6.41815E+0
3.19956E-1	3.08040E-3	1.90148E+1	-6.29152E+0
3.09936E-1	3.07047E-3	1.89535E+1	-6.07485E+0
2.99959E-1	3.06009E-3	1.88894E+1	-5.85942E+0
2.89949E-1	3.07391E-3	1.89748E+1	-5.68946E+0
2.79939E-1	3.05749E-3	1.88734E+1	-5.46370E+0
2.69928E-1	3.06411E-3	1.89143E+1	-5.27972E+0
2.59951E-1	3.07478E-3	1.89801E+1	-5.10228E+0
2.49938E-1	3.06419E-3	1.89148E+1	-4.88885E+0
2.39926E-1	3.07867E-3	1.90041E+1	-4.71519E+0
2.29950E-1	3.06099E-3	1.88950E+1	-4.49318E+0
2.19938E-1	3.05583E-3	1.88631E+1	-4.29030E+0
2.09926E-1	3.06257E-3	1.89048E+1	-4.10403E+0
1.99944E-1	3.04783E-3	1.88138E+1	-3.89007E+0
1.89932E-1	3.05383E-3	1.88508E+1	-3.70255E+0
1.79913E-1	3.04780E-3	1.88136E+1	-3.50032E+0
1.69906E-1	3.04669E-3	1.88067E+1	-3.30442E+0
1.59926E-1	3.06070E-3	1.88932E+1	-3.12463E+0
1.49911E-1	3.05614E-3	1.88651E+1	-2.92459E+0
1.39898E-1	3.03964E-3	1.87632E+1	-2.71451E+0
1.29924E-1	3.04818E-3	1.88159E+1	-2.52807E+0
1.19913E-1	3.04117E-3	1.87727E+1	-2.32791E+0
1.09900E-1	3.03028E-3	1.87054E+1	-2.12588E+0
9.99241E-2	3.05282E-3	1.88446E+1	-1.94729E+0
8.99138E-2	3.03985E-3	1.87645E+1	-1.74477E+0
7.99015E-2	3.00791E-3	1.85673E+1	-1.53419E+0
6.98891E-2	3.04213E-3	1.87786E+1	-1.35721E+0
5.99117E-2	3.02720E-3	1.86864E+1	-1.15774E+0
4.98981E-2	3.02521E-3	1.86741E+1	-9.63603E-1
3.98827E-2	3.02854E-3	1.86947E+1	-7.71039E-1
2.99082E-2	3.02178E-3	1.86530E+1	-5.76915E-1
1.98960E-2	3.00771E-3	1.85661E+1	-3.81997E-1
9.88507E-3	3.01529E-3	1.86129E+1	-1.90269E-1
-9.34601E-5	3.02385E-3	1.86657E+1	1.80404E-3
-1.01979E-2	3.03628E-3	1.87425E+1	1.97656E-1
-2.02074E-2	3.01089E-3	1.85857E+1	3.88386E-1
-3.02222E-2	3.01166E-3	1.85905E+1	5.81019E-1
-4.01943E-2	3.01509E-3	1.86117E+1	7.73612E-1
-5.02079E-2	3.01901E-3	1.86359E+1	9.67598E-1
-6.02226E-2	3.02290E-3	1.86599E+1	1.16210E+0
-7.02350E-2	3.00498E-3	1.85493E+1	1.34727E+0
-8.02100E-2	3.01769E-3	1.86277E+1	1.54512E+0
-9.02185E-2	2.99978E-3	1.85172E+1	1.72760E+0
-1.00235E-1	3.00219E-3	1.85320E+1	1.92095E+0
-1.10243E-1	3.00473E-3	1.85477E+1	2.11454E+0
-1.20224E-1	2.99088E-3	1.84622E+1	2.29535E+0
-1.30230E-1	3.01010E-3	1.85809E+1	2.50236E+0
-1.40243E-1	3.00679E-3	1.85604E+1	2.69180E+0
-1.50220E-1	2.99647E-3	1.84967E+1	2.87340E+0
-1.60230E-1	3.01066E-3	1.85843E+1	3.07939E+0
-1.70242E-1	2.98805E-3	1.84448E+1	3.24723E+0
-1.80253E-1	2.99779E-3	1.85049E+1	3.44939E+0
-1.90229E-1	2.98334E-3	1.84157E+1	3.62275E+0
-2.00238E-1	2.99870E-3	1.85105E+1	3.83299E+0
-2.10253E-1	2.98123E-3	1.84027E+1	4.00125E+0
-2.20267E-1	2.98505E-3	1.84262E+1	4.19720E+0
-2.30245E-1	2.97426E-3	1.83596E+1	4.37147E+0
-2.40251E-1	2.96968E-3	1.83314E+1	4.55442E+0
-2.50260E-1	2.98260E-3	1.84111E+1	4.76480E+0
-2.60237E-1	2.96431E-3	1.82982E+1	4.92438E+0
-2.70245E-1	2.96946E-3	1.83300E+1	5.12264E+0
-2.80256E-1	2.96723E-3	1.83162E+1	5.30841E+0
-2.90268E-1	2.95915E-3	1.82664E+1	5.48308E+0
-3.00243E-1	2.96628E-3	1.83104E+1	5.68517E+0
-3.10255E-1	2.95356E-3	1.82319E+1	5.84956E+0
-3.20267E-1	2.95699E-3	1.82530E+1	6.04534E+0
-3.30277E-1	2.95903E-3	1.82656E+1	6.23859E+0
-3.40252E-1	2.94966E-3	1.82078E+1	6.40665E+0
-3.50265E-1	2.94757E-3	1.81949E+1	6.59052E+0
-3.60276E-1	2.93834E-3	1.81379E+1	6.75765E+0
-3.70250E-1	2.90782E-3	1.79495E+1	6.87260E+0
-3.80261E-1	2.91659E-3	1.80036E+1	7.07971E+0
-3.90274E-1	2.90155E-3	1.79108E+1	7.22867E+0
-4.00281E-1	2.92484E-3	1.80546E+1	7.47353E+0
-4.10255E-1	2.90399E-3	1.79259E+1	7.60515E+0
-4.20265E-1	2.92135E-3	1.80330E+1	7.83728E+0
-4.30277E-1	2.91427E-3	1.79893E+1	8.00454E+0
-4.40291E-1	2.90481E-3	1.79309E+1	8.16425E+0
-4.50264E-1	2.88945E-3	1.78361E+1	8.30502E+0
-4.60280E-1	2.89444E-3	1.78669E+1	8.50443E+0
-4.70287E-1	2.87324E-3	1.77360E+1	8.62568E+0
-4.80260E-1	2.86222E-3	1.76680E+1	8.77481E+0
-4.90275E-1	2.86669E-3	1.76956E+1	8.97179E+0
-5.00288E-1	2.85037E-3	1.75949E+1	9.10290E+0
-5.10298E-1	2.84617E-3	1.75690E+1	9.27136E+0
-5.20272E-1	2.83808E-3	1.75190E+1	9.42570E+0
-5.30283E-1	2.82649E-3	1.74475E+1	9.56783E+0
-5.40293E-1	2.83297E-3	1.74875E+1	9.77079E+0
-5.50306E-1	2.81317E-3	1.73652E+1	9.88232E+0
-5.60281E-1	2.79896E-3	1.72775E+1	1.00106E+1
-5.70287E-1	2.79098E-3	1.72283E+1	1.01604E+1
-5.80299E-1	2.76712E-3	1.70810E+1	1.02503E+1
-5.90308E-1	2.75478E-3	1.70048E+1	1.03806E+1
-6.00285E-1	2.73746E-3	1.68979E+1	1.04897E+1
-6.10298E-1	2.71549E-3	1.67623E+1	1.05791E+1
-6.20305E-1	2.70662E-3	1.67075E+1	1.07174E+1
-6.30281E-1	2.66878E-3	1.64740E+1	1.07376E+1
-6.40292E-1	2.63861E-3	1.62877E+1	1.07848E+1
-6.50305E-1	2.61540E-3	1.61444E+1	1.08571E+1
-6.60318E-1	2.56597E-3	1.58393E+1	1.08159E+1
-6.70291E-1	2.51060E-3	1.54975E+1	1.07424E+1
-6.80301E-1	2.46735E-3	1.52306E+1	1.07150E+1
-6.90311E-1	2.40355E-3	1.48367E+1	1.05915E+1
-7.00318E-1	2.33067E-3	1.43869E+1	1.04192E+1
-7.10295E-1	2.24165E-3	1.38373E+1	1.01640E+1
-7.20304E-1	2.13187E-3	1.31597E+1	9.80246E+0
-7.30315E-1	2.02370E-3	1.24920E+1	9.43441E+0
-7.40288E-1	1.86764E-3	1.15286E+1	8.82577E+0
-7.50295E-1	1.68989E-3	1.04314E+1	8.09374E+0
-7.60307E-1	1.48848E-3	9.18815E+0	7.22421E+0
-7.70318E-1	1.26154E-3	7.78728E+0	6.20340E+0
-7.80289E-1	9.90192E-4	6.11230E+0	4.93212E+0
-7.90306E-1	6.83148E-4	4.21696E+0	3.44642E+0
-8.00314E-1	3.45375E-4	2.13194E+0	1.76445E+0
-8.10328E-1	-4.21242E-5	-2.60026E-1	-2.17897E-1
-8.20309E-1	-4.58569E-4	-2.83067E+0	-2.40127E+0
-8.30320E-1	-9.17896E-4	-5.66602E+0	-4.86516E+0
-8.40324E-1	-1.41361E-3	-8.72599E+0	-7.58289E+0
-8.50296E-1	-1.94517E-3	-1.20072E+1	-1.05581E+1
-8.60306E-1	-2.50890E-3	-1.54870E+1	-1.37783E+1
-8.70320E-1	-3.11092E-3	-1.92032E+1	-1.72833E+1
-8.80331E-1	-3.73798E-3	-2.30740E+1	-2.10059E+1
-8.90308E-1	-4.39563E-3	-2.71335E+1	-2.49816E+1
-9.00320E-1	-5.08229E-3	-3.13722E+1	-2.92089E+1
-9.10329E-1	-5.79035E-3	-3.57429E+1	-3.36482E+1
-9.20338E-1	-6.52610E-3	-4.02846E+1	-3.83407E+1
-9.30313E-1	-7.28149E-3	-4.49475E+1	-4.32422E+1
-9.40325E-1	-8.05850E-3	-4.97438E+1	-4.83716E+1
-9.50334E-1	-8.85623E-3	-5.46681E+1	-5.37259E+1
-9.60307E-1	-9.66778E-3	-5.96777E+1	-5.92646E+1
-9.70325E-1	-1.04985E-2	-6.48056E+1	-6.50284E+1
-9.80338E-1	-1.13455E-2	-7.00340E+1	-7.09999E+1
-9.90347E-1	-1.22064E-2	-7.53481E+1	-7.71673E+1
-1.00032E+0	-1.30786E-2	-8.07321E+1	-8.35139E+1
-1.01033E+0	-1.39664E-2	-8.62123E+1	-9.00754E+1
