1.00999E+0	5.23794E-3	3.23330E+1	-3.37704E+1
1.00001E+0	3.21664E-3	1.98558E+1	-2.05336E+1
9.90000E-1	3.19596E-3	1.97281E+1	-2.01974E+1
9.79991E-1	3.20062E-3	1.97569E+1	-2.00223E+1
9.70018E-1	3.19821E-3	1.97420E+1	-1.98037E+1
9.60005E-1	3.19088E-3	1.96968E+1	-1.95543E+1
9.49995E-1	3.20557E-3	1.97875E+1	-1.94395E+1
9.40022E-1	3.19236E-3	1.97059E+1	-1.91562E+1
9.30011E-1	3.19676E-3	1.97331E+1	-1.89783E+1
9.19997E-1	3.19320E-3	1.97111E+1	-1.87530E+1
9.09985E-1	3.20170E-3	1.97636E+1	-1.85983E+1
9.00006E-1	3.17817E-3	1.96183E+1	-1.82592E+1
8.89993E-1	3.18223E-3	1.96434E+1	-1.80791E+1
8.79984E-1	3.16003E-3	1.95064E+1	-1.77511E+1
8.70009E-1	3.18233E-3	1.96440E+1	-1.76737E+1
8.59997E-1	3.18084E-3	1.96348E+1	-1.74621E+1
8.49986E-1	3.17707E-3	1.96115E+1	-1.72384E+1
8.39979E-1	3.15071E-3	1.94488E+1	-1.68941E+1
8.30002E-1	3.20628E-3	1.97919E+1	-1.69879E+1
8.19991E-1	3.20001E-3	1.97531E+1	-1.67502E+1
8.09980E-1	3.18339E-3	1.96506E+1	-1.64597E+1
8.00008E-1	3.16063E-3	1.95101E+1	-1.61409E+1
7.89997E-1	3.17377E-3	1.95912E+1	-1.60051E+1
7.79982E-1	3.15212E-3	1.94575E+1	-1.56944E+1
7.70005E-1	3.14652E-3	1.94230E+1	-1.54662E+1
7.59997E-1	3.14340E-3	1.94037E+1	-1.52500E+1
7.49985E-1	3.15286E-3	1.94621E+1	-1.50944E+1
7.39969E-1	3.15348E-3	1.94659E+1	-1.48957E+1
7.29995E-1	3.15583E-3	1.94804E+1	-1.47059E+1
7.19985E-1	3.13537E-3	1.93541E+1	-1.44102E+1
7.09976E-1	3.13658E-3	1.93616E+1	-1.42154E+1
7.00001E-1	3.11525E-3	1.92299E+1	-1.39203E+1
6.89988E-1	3.10805E-3	1.91855E+1	-1.36895E+1
6.79978E-1	3.13530E-3	1.93537E+1	-1.36092E+1
6.70004E-1	3.13843E-3	1.93730E+1	-1.34230E+1
6.59992E-1	3.12550E-3	1.92932E+1	-1.31679E+1
6.49981E-1	3.12677E-3	1.93010E+1	-1.29734E+1
6.39969E-1	3.13663E-3	1.93619E+1	-1.28139E+1
6.29989E-1	3.12582E-3	1.92952E+1	-1.25706E+1
6.19978E-1	3.12895E-3	1.93145E+1	-1.23832E+1
6.09971E-1	3.11851E-3	1.92501E+1	-1.21427E+1
5.99993E-1	3.12340E-3	1.92802E+1	-1.19628E+1
5.89984E-1	3.11047E-3	1.92004E+1	-1.17145E+1
5.79971E-1	3.10888E-3	1.91906E+1	-1.15098E+1
5.69996E-1	3.11589E-3	1.92339E+1	-1.13374E+1
5.59981E-1	3.09935E-3	1.91318E+1	-1.10790E+1
5.49971E-1	3.11078E-3	1.92023E+1	-1.09211E+1
5.39962E-1	3.11262E-3	1.92137E+1	-1.07287E+1
5.29984E-1	3.11210E-3	1.92105E+1	-1.05287E+1
5.19972E-1	3.10513E-3	1.91675E+1	-1.03067E+1
5.09963E-1	3.11060E-3	1.92012E+1	-1.01261E+1
4.99989E-1	3.08559E-3	1.90469E+1	-9.84821E+0
4.89973E-1	3.07805E-3	1.90003E+1	-9.62734E+0
4.79958E-1	3.08577E-3	1.90480E+1	-9.45421E+0
4.69983E-1	3.09358E-3	1.90962E+1	-9.28115E+0
4.59970E-1	3.07441E-3	1.89778E+1	-9.02713E+0
4.49956E-1	3.08563E-3	1.90471E+1	-8.86283E+0
4.39947E-1	3.08010E-3	1.90130E+1	-8.65015E+0
4.29972E-1	3.07226E-3	1.89646E+1	-8.43251E+0
4.19962E-1	3.08225E-3	1.90262E+1	-8.26297E+0
4.09953E-1	3.06694E-3	1.89317E+1	-8.02598E+0
3.99976E-1	3.07513E-3	1.89823E+1	-7.85156E+0
3.89964E-1	3.07303E-3	1.89693E+1	-7.64980E+0
3.79949E-1	3.06478E-3	1.89184E+1	-7.43333E+0
3.69939E-1	3.08046E-3	1.90152E+1	-7.27452E+0
3.59963E-1	3.06056E-3	1.88923E+1	-7.03262E+0
3.49950E-1	3.06970E-3	1.89488E+1	-6.85742E+0
3.39936E-1	3.04041E-3	1.87680E+1	-6.59763E+0
3.29960E-1	3.04143E-3	1.87743E+1	-6.40616E+0
3.19952E-1	3.05011E-3	1.88278E+1	-6.22958E+0
3.09933E-1	3.06977E-3	1.89492E+1	-6.07340E+0
2.99957E-1	3.05070E-3	1.88315E+1	-5.84140E+0
2.89948E-1	3.04586E-3	1.88016E+1	-5.63753E+0
2.79935E-1	3.03300E-3	1.87222E+1	-5.41986E+0
2.69924E-1	3.03302E-3	1.87223E+1	-5.22607E+0
2.59944E-1	3.02220E-3	1.86556E+1	-5.01489E+0
2.49933E-1	3.02309E-3	1.86610E+1	-4.82318E+0
2.39922E-1	3.01149E-3	1.85894E+1	-4.61222E+0
2.29947E-1	3.03171E-3	1.87143E+1	-4.45014E+0
2.19936E-1	3.00478E-3	1.85480E+1	-4.21859E+0
2.09923E-1	3.01193E-3	1.85922E+1	-4.03611E+0
1.99943E-1	3.01415E-3	1.86059E+1	-3.84707E+0
1.89931E-1	3.01552E-3	1.86143E+1	-3.65609E+0
1.79921E-1	3.00185E-3	1.85299E+1	-3.44770E+0
1.69907E-1	2.98960E-3	1.84543E+1	-3.24252E+0
1.59927E-1	2.98794E-3	1.84441E+1	-3.05037E+0
1.49912E-1	2.99323E-3	1.84767E+1	-2.86441E+0
1.39899E-1	3.00327E-3	1.85387E+1	-2.68205E+0
1.29926E-1	2.98787E-3	1.84436E+1	-2.47809E+0
1.19918E-1	2.99946E-3	1.85152E+1	-2.29607E+0
1.09906E-1	2.98513E-3	1.84267E+1	-2.09432E+0
9.99310E-2	2.97729E-3	1.83783E+1	-1.89924E+0
8.99203E-2	2.98194E-3	1.84070E+1	-1.71165E+0
7.99077E-2	2.96557E-3	1.83060E+1	-1.51271E+0
6.98986E-2	2.98732E-3	1.84402E+1	-1.33293E+0
5.99217E-2	2.95979E-3	1.82703E+1	-1.13215E+0
4.99077E-2	2.97019E-3	1.83345E+1	-9.46260E-1
3.98934E-2	2.95559E-3	1.82444E+1	-7.52669E-1
2.99196E-2	2.95148E-3	1.82190E+1	-5.63708E-1
1.99068E-2	2.94698E-3	1.81912E+1	-3.74487E-1
9.89413E-3	2.93664E-3	1.81274E+1	-1.85476E-1
-8.17776E-5	2.94797E-3	1.81973E+1	1.53892E-3
-1.01838E-2	2.94832E-3	1.81995E+1	1.91665E-1
-2.01991E-2	2.94381E-3	1.81717E+1	3.79577E-1
-3.02136E-2	2.94289E-3	1.81660E+1	5.67590E-1
-4.01878E-2	2.92209E-3	1.80376E+1	7.49629E-1
-5.01990E-2	2.91115E-3	1.79701E+1	9.32864E-1
-6.02143E-2	2.91123E-3	1.79706E+1	1.11901E+0
-7.02257E-2	2.91010E-3	1.79636E+1	1.30456E+0
-8.02002E-2	2.93114E-3	1.80935E+1	1.50062E+0
-9.02078E-2	2.91074E-3	1.79675E+1	1.67612E+0
-1.00220E-1	2.92195E-3	1.80367E+1	1.86933E+0
-1.10232E-1	2.91449E-3	1.79907E+1	2.05083E+0
-1.20210E-1	2.89797E-3	1.78887E+1	2.22379E+0
-1.30217E-1	2.89737E-3	1.78850E+1	2.40841E+0
-1.40225E-1	2.88304E-3	1.77965E+1	2.58068E+0
-1.50199E-1	2.88437E-3	1.78048E+1	2.76552E+0
-1.60210E-1	2.87505E-3	1.77472E+1	2.94031E+0
-1.70224E-1	2.88611E-3	1.78155E+1	3.13612E+0
-1.80236E-1	2.87096E-3	1.77220E+1	3.30314E+0
-1.90212E-1	2.88429E-3	1.78043E+1	3.50215E+0
-2.00224E-1	2.86978E-3	1.77147E+1	3.66795E+0
-2.10240E-1	2.87473E-3	1.77452E+1	3.85808E+0
-2.20251E-1	2.86099E-3	1.76604E+1	4.02247E+0
-2.30227E-1	2.85159E-3	1.76024E+1	4.19085E+0
-2.40236E-1	2.85141E-3	1.76013E+1	4.37277E+0
-2.50246E-1	2.83164E-3	1.74793E+1	4.52339E+0
-2.60221E-1	2.84275E-3	1.75478E+1	4.72215E+0
-2.70231E-1	2.82478E-3	1.74369E+1	4.87280E+0
-2.80241E-1	2.82935E-3	1.74651E+1	5.06147E+0
-2.90254E-1	2.81544E-3	1.73793E+1	5.21655E+0
-3.00231E-1	2.81765E-3	1.73929E+1	5.40009E+0
-3.10236E-1	2.81680E-3	1.73877E+1	5.57836E+0
-3.20250E-1	2.80080E-3	1.72889E+1	5.72572E+0
-3.30259E-1	2.79691E-3	1.72649E+1	5.89646E+0
-3.40235E-1	2.79294E-3	1.72404E+1	6.06595E+0
-3.50247E-1	2.78171E-3	1.71710E+1	6.21935E+0
-3.60258E-1	2.77923E-3	1.71557E+1	6.39141E+0
-3.70230E-1	2.76238E-3	1.70517E+1	6.52850E+0
-3.80244E-1	2.77000E-3	1.70988E+1	6.72358E+0
-3.90253E-1	2.74717E-3	1.69578E+1	6.84369E+0
-4.00266E-1	2.70975E-3	1.67269E+1	6.92367E+0
-4.10239E-1	2.73565E-3	1.68867E+1	7.16401E+0
-4.20250E-1	2.75241E-3	1.69902E+1	7.38379E+0
-4.30260E-1	2.70945E-3	1.67250E+1	7.44167E+0
-4.40272E-1	2.69481E-3	1.66346E+1	7.57369E+0
-4.50248E-1	2.70229E-3	1.66808E+1	7.76680E+0
-4.60264E-1	2.67389E-3	1.65055E+1	7.85614E+0
-4.70274E-1	2.67631E-3	1.65204E+1	8.03426E+0
-4.80256E-1	2.64869E-3	1.63499E+1	8.12012E+0
-4.90267E-1	2.64495E-3	1.63269E+1	8.27768E+0
-5.00278E-1	2.61250E-3	1.61265E+1	8.34308E+0
-5.10288E-1	2.60623E-3	1.60878E+1	8.48959E+0
-5.20260E-1	2.58590E-3	1.59623E+1	8.58797E+0
-5.30272E-1	2.56524E-3	1.58348E+1	8.68331E+0
-5.40282E-1	2.55563E-3	1.57755E+1	8.81408E+0
-5.50298E-1	2.51794E-3	1.55428E+1	8.84508E+0
-5.60272E-1	2.48224E-3	1.53225E+1	8.87772E+0
-5.70278E-1	2.45565E-3	1.51583E+1	8.93947E+0
-5.80287E-1	2.41621E-3	1.49149E+1	8.95027E+0
-5.90297E-1	2.36773E-3	1.46156E+1	8.92198E+0
-6.00271E-1	2.32867E-3	1.43745E+1	8.92306E+0
-6.10284E-1	2.26262E-3	1.39668E+1	8.81459E+0
-6.20294E-1	2.19419E-3	1.35444E+1	8.68821E+0
-6.30270E-1	2.12216E-3	1.30998E+1	8.53814E+0
-6.40279E-1	2.03562E-3	1.25656E+1	8.32002E+0
-6.50291E-1	1.93246E-3	1.19288E+1	8.02189E+0
-6.60303E-1	1.84578E-3	1.13937E+1	7.78004E+0
-6.70277E-1	1.72770E-3	1.06648E+1	7.39233E+0
-6.80288E-1	1.60979E-3	9.93698E+0	6.99070E+0
-6.90298E-1	1.48700E-3	9.17901E+0	6.55249E+0
-7.00303E-1	1.34525E-3	8.30401E+0	6.01378E+0
-7.10280E-1	1.20435E-3	7.43426E+0	5.46061E+0
-7.20290E-1	1.05521E-3	6.51364E+0	4.85182E+0
-7.30299E-1	8.90106E-4	5.49448E+0	4.14955E+0
-7.40272E-1	7.32589E-4	4.52215E+0	3.46187E+0
-7.50280E-1	5.59697E-4	3.45492E+0	2.68062E+0
-7.60298E-1	3.82657E-4	2.36208E+0	1.85717E+0
-7.70305E-1	2.06411E-4	1.27414E+0	1.01497E+0
-7.80286E-1	2.22891E-5	1.37587E-1	1.11021E-1
-7.90299E-1	-1.62411E-4	-1.00254E+0	-8.19342E-1
-8.00312E-1	-3.56543E-4	-2.20088E+0	-1.82150E+0
-8.10323E-1	-5.46083E-4	-3.37088E+0	-2.82472E+0
-8.20301E-1	-7.45087E-4	-4.59930E+0	-3.90156E+0
-8.30312E-1	-9.45943E-4	-5.83915E+0	-5.01377E+0
-8.40314E-1	-1.14872E-3	-7.09086E+0	-6.16189E+0
-8.50286E-1	-1.35431E-3	-8.35994E+0	-7.35092E+0
-8.60296E-1	-1.56196E-3	-9.64173E+0	-8.57781E+0
-8.70306E-1	-1.77128E-3	-1.09338E+1	-9.84051E+0
-8.80317E-1	-1.98500E-3	-1.22531E+1	-1.11547E+1
-8.90296E-1	-2.19890E-3	-1.35735E+1	-1.24968E+1
-9.00306E-1	-2.41455E-3	-1.49046E+1	-1.38767E+1
-9.10315E-1	-2.63207E-3	-1.62473E+1	-1.52949E+1
-9.20324E-1	-2.85022E-3	-1.75940E+1	-1.67447E+1
-9.30302E-1	-3.06937E-3	-1.89467E+1	-1.82277E+1
-9.40311E-1	-3.29204E-3	-2.03212E+1	-1.97604E+1
-9.50320E-1	-3.51461E-3	-2.16951E+1	-2.13209E+1
-9.60295E-1	-3.73892E-3	-2.30798E+1	-2.29197E+1
-9.70307E-1	-3.96410E-3	-2.44698E+1	-2.45534E+1
-9.80321E-1	-4.19125E-3	-2.58719E+1	-2.62283E+1
-9.90330E-1	-4.41924E-3	-2.72793E+1	-2.79374E+1
-1.00030E+0	-4.64686E-3	-2.86843E+1	-2.96721E+1
-1.01031E+0	-4.87567E-3	-3.00967E+1	-3.14447E+1
