Efficiency(%)	JSC(mA/cm^2)	VOC(V)	FF				 
1.00998E+0	3.11598E-4	1.92344E+0	-2.00894E+0
1.00002E+0	3.82031E-3	2.35822E+1	-2.43874E+1
9.90005E-1	3.79618E-3	2.34332E+1	-2.39907E+1
9.79993E-1	3.79532E-3	2.34279E+1	-2.37427E+1
9.70018E-1	3.80165E-3	2.34670E+1	-2.35402E+1
9.60007E-1	3.79448E-3	2.34227E+1	-2.32533E+1
9.50000E-1	3.79676E-3	2.34368E+1	-2.30248E+1
9.40022E-1	3.78571E-3	2.33686E+1	-2.27166E+1
9.30009E-1	3.78863E-3	2.33866E+1	-2.24920E+1
9.19997E-1	3.76536E-3	2.32430E+1	-2.21132E+1
9.09985E-1	3.75595E-3	2.31849E+1	-2.18179E+1
9.00010E-1	3.76202E-3	2.32223E+1	-2.16136E+1
8.89997E-1	3.76402E-3	2.32347E+1	-2.13845E+1
8.79987E-1	3.73566E-3	2.30596E+1	-2.09847E+1
8.70012E-1	3.75340E-3	2.31691E+1	-2.08453E+1
8.60000E-1	3.75504E-3	2.31793E+1	-2.06144E+1
8.49991E-1	3.76898E-3	2.32653E+1	-2.04502E+1
8.39981E-1	3.75293E-3	2.31662E+1	-2.01233E+1
8.30005E-1	3.73589E-3	2.30610E+1	-1.97940E+1
8.19994E-1	3.74179E-3	2.30975E+1	-1.95861E+1
8.09982E-1	3.72767E-3	2.30103E+1	-1.92740E+1
8.00004E-1	3.73919E-3	2.30814E+1	-1.90954E+1
7.89994E-1	3.70790E-3	2.28883E+1	-1.86987E+1
7.79979E-1	3.71396E-3	2.29257E+1	-1.84918E+1
7.70009E-1	3.72521E-3	2.29951E+1	-1.83107E+1
7.59997E-1	3.72055E-3	2.29664E+1	-1.80500E+1
7.49984E-1	3.69017E-3	2.27788E+1	-1.76668E+1
7.39970E-1	3.69877E-3	2.28319E+1	-1.74715E+1
7.29991E-1	3.70768E-3	2.28869E+1	-1.72774E+1
7.19980E-1	3.68091E-3	2.27217E+1	-1.69174E+1
7.09972E-1	3.69643E-3	2.28175E+1	-1.67526E+1
6.99994E-1	3.68700E-3	2.27593E+1	-1.64750E+1
6.89981E-1	3.68166E-3	2.27263E+1	-1.62158E+1
6.79969E-1	3.68964E-3	2.27756E+1	-1.60152E+1
6.69995E-1	3.66545E-3	2.26262E+1	-1.56768E+1
6.59983E-1	3.65653E-3	2.25712E+1	-1.54050E+1
6.49972E-1	3.68812E-3	2.27662E+1	-1.53024E+1
6.39959E-1	3.65914E-3	2.25873E+1	-1.49482E+1
6.29977E-1	3.65643E-3	2.25706E+1	-1.47042E+1
6.19966E-1	3.65630E-3	2.25698E+1	-1.44700E+1
6.09956E-1	3.64783E-3	2.25175E+1	-1.42034E+1
5.99979E-1	3.65336E-3	2.25516E+1	-1.39922E+1
5.89971E-1	3.64074E-3	2.24737E+1	-1.37113E+1
5.79958E-1	3.64646E-3	2.25090E+1	-1.34998E+1
5.69983E-1	3.62876E-3	2.23998E+1	-1.32032E+1
5.59974E-1	3.62690E-3	2.23883E+1	-1.29647E+1
5.49965E-1	3.62851E-3	2.23982E+1	-1.27386E+1
5.39953E-1	3.60779E-3	2.22703E+1	-1.24353E+1
5.29975E-1	3.61325E-3	2.23040E+1	-1.22240E+1
5.19964E-1	3.60896E-3	2.22775E+1	-1.19788E+1
5.09956E-1	3.61640E-3	2.23235E+1	-1.17725E+1
4.99979E-1	3.59782E-3	2.22088E+1	-1.14829E+1
4.89963E-1	3.59062E-3	2.21643E+1	-1.12303E+1
4.79948E-1	3.58411E-3	2.21241E+1	-1.09808E+1
4.69971E-1	3.58509E-3	2.21302E+1	-1.07555E+1
4.59957E-1	3.57384E-3	2.20607E+1	-1.04933E+1
4.49944E-1	3.57772E-3	2.20847E+1	-1.02760E+1
4.39934E-1	3.57361E-3	2.20593E+1	-1.00358E+1
4.29960E-1	3.57236E-3	2.20516E+1	-9.80487E+0
4.19948E-1	3.57796E-3	2.20862E+1	-9.59157E+0
4.09937E-1	3.57008E-3	2.20375E+1	-9.34230E+0
3.99962E-1	3.55986E-3	2.19744E+1	-9.08888E+0
3.89951E-1	3.56910E-3	2.20315E+1	-8.88438E+0
3.79941E-1	3.55010E-3	2.19142E+1	-8.61024E+0
3.69925E-1	3.54332E-3	2.18723E+1	-8.36725E+0
3.59951E-1	3.54861E-3	2.19050E+1	-8.15380E+0
3.49944E-1	3.52807E-3	2.17782E+1	-7.88123E+0
3.39930E-1	3.51584E-3	2.17027E+1	-7.62917E+0
3.29953E-1	3.51710E-3	2.17105E+1	-7.40790E+0
3.19943E-1	3.49799E-3	2.15925E+1	-7.14414E+0
3.09927E-1	3.51486E-3	2.16967E+1	-6.95386E+0
2.99953E-1	3.50392E-3	2.16291E+1	-6.70913E+0
2.89939E-1	3.51415E-3	2.16923E+1	-6.50407E+0
2.79927E-1	3.50489E-3	2.16351E+1	-6.26293E+0
2.69917E-1	3.51944E-3	2.17249E+1	-6.06404E+0
2.59939E-1	3.49499E-3	2.15740E+1	-5.79930E+0
2.49927E-1	3.48814E-3	2.15317E+1	-5.56501E+0
2.39916E-1	3.49113E-3	2.15502E+1	-5.34667E+0
2.29940E-1	3.48474E-3	2.15107E+1	-5.11497E+0
2.19928E-1	3.48887E-3	2.15362E+1	-4.89806E+0
2.09918E-1	3.47735E-3	2.14651E+1	-4.65969E+0
1.99934E-1	3.46784E-3	2.14064E+1	-4.42593E+0
1.89922E-1	3.46792E-3	2.14069E+1	-4.20439E+0
1.79911E-1	3.45504E-3	2.13274E+1	-3.96798E+0
1.69901E-1	3.46336E-3	2.13788E+1	-3.75623E+0
1.59921E-1	3.44985E-3	2.12954E+1	-3.52180E+0
1.49909E-1	3.44495E-3	2.12651E+1	-3.29662E+0
1.39896E-1	3.43502E-3	2.12038E+1	-3.06756E+0
1.29919E-1	3.42896E-3	2.11664E+1	-2.84376E+0
1.19909E-1	3.41059E-3	2.10530E+1	-2.61060E+0
1.09896E-1	3.41694E-3	2.10922E+1	-2.39705E+0
9.99196E-2	3.39690E-3	2.09685E+1	-2.16667E+0
8.99119E-2	3.40431E-3	2.10143E+1	-1.95391E+0
7.99015E-2	3.40170E-3	2.09981E+1	-1.73504E+0
6.98905E-2	3.38492E-3	2.08946E+1	-1.51017E+0
5.99134E-2	3.38113E-3	2.08712E+1	-1.29314E+0
4.99008E-2	3.39642E-3	2.09656E+1	-1.08190E+0
3.98858E-2	3.37029E-3	2.08043E+1	-8.58112E-1
2.99139E-2	3.36304E-3	2.07595E+1	-6.42190E-1
1.99032E-2	3.36743E-3	2.07866E+1	-4.27839E-1
9.89056E-3	3.35132E-3	2.06872E+1	-2.11590E-1
-8.34465E-5	3.36636E-3	2.07800E+1	1.79319E-3
-1.02010E-2	3.34957E-3	2.06764E+1	2.18117E-1
-2.02084E-2	3.34613E-3	2.06551E+1	4.31651E-1
-3.02227E-2	3.35950E-3	2.07377E+1	6.48136E-1
-4.01955E-2	3.33367E-3	2.05782E+1	8.55379E-1
-5.02102E-2	3.33454E-3	2.05836E+1	1.06878E+0
-6.02257E-2	3.32739E-3	2.05394E+1	1.27922E+0
-7.02376E-2	3.30080E-3	2.03753E+1	1.47995E+0
-8.02102E-2	3.30600E-3	2.04074E+1	1.69274E+0
-9.02200E-2	3.30258E-3	2.03863E+1	1.90202E+0
-1.00231E-1	3.27893E-3	2.02403E+1	2.09794E+0
-1.10240E-1	3.27949E-3	2.02438E+1	2.30783E+0
-1.20219E-1	3.27468E-3	2.02141E+1	2.51305E+0
-1.30228E-1	3.25103E-3	2.00681E+1	2.70261E+0
-1.40240E-1	3.26138E-3	2.01320E+1	2.91966E+0
-1.50214E-1	3.25716E-3	2.01059E+1	3.12326E+0
-1.60227E-1	3.24751E-3	2.00464E+1	3.32158E+0
-1.70239E-1	3.24755E-3	2.00466E+1	3.52918E+0
-1.80252E-1	3.23795E-3	1.99873E+1	3.72571E+0
-1.90226E-1	3.22598E-3	1.99135E+1	3.91733E+0
-2.00238E-1	3.22395E-3	1.99009E+1	4.12091E+0
-2.10252E-1	3.19886E-3	1.97460E+1	4.29333E+0
-2.20263E-1	3.19783E-3	1.97397E+1	4.49630E+0
-2.30240E-1	3.19356E-3	1.97133E+1	4.69369E+0
-2.40249E-1	3.15020E-3	1.94457E+1	4.83124E+0
-2.50262E-1	3.15723E-3	1.94891E+1	5.04382E+0
-2.60237E-1	3.16450E-3	1.95340E+1	5.25694E+0
-2.70247E-1	3.14697E-3	1.94257E+1	5.42890E+0
-2.80255E-1	3.14083E-3	1.93878E+1	5.61896E+0
-2.90269E-1	3.12513E-3	1.92909E+1	5.79065E+0
-3.00241E-1	3.10938E-3	1.91937E+1	5.95940E+0
-3.10250E-1	3.10110E-3	1.91426E+1	6.14166E+0
-3.20266E-1	3.08198E-3	1.90246E+1	6.30085E+0
-3.30277E-1	3.05871E-3	1.88809E+1	6.44874E+0
-3.40252E-1	3.06325E-3	1.89090E+1	6.65337E+0
-3.50267E-1	3.04515E-3	1.87972E+1	6.80873E+0
-3.60275E-1	3.02132E-3	1.86501E+1	6.94847E+0
-3.70250E-1	3.01007E-3	1.85807E+1	7.11427E+0
-3.80260E-1	2.98581E-3	1.84309E+1	7.24772E+0
-3.90271E-1	2.97957E-3	1.83924E+1	7.42298E+0
-4.00280E-1	2.95844E-3	1.82620E+1	7.55936E+0
-4.10252E-1	2.92755E-3	1.80713E+1	7.66679E+0
-4.20263E-1	2.91200E-3	1.79753E+1	7.81216E+0
-4.30274E-1	2.88555E-3	1.78120E+1	7.92560E+0
-4.40284E-1	2.85816E-3	1.76430E+1	8.03300E+0
-4.50260E-1	2.84777E-3	1.75788E+1	8.18515E+0
-4.60272E-1	2.81809E-3	1.73956E+1	8.27995E+0
-4.70280E-1	2.79461E-3	1.72507E+1	8.38950E+0
-4.80258E-1	2.77926E-3	1.71559E+1	8.52045E+0
-4.90268E-1	2.74152E-3	1.69230E+1	8.57992E+0
-5.00281E-1	2.71916E-3	1.67849E+1	8.68375E+0
-5.10289E-1	2.68682E-3	1.65853E+1	8.75212E+0
-5.20266E-1	2.64489E-3	1.63265E+1	8.78398E+0
-5.30277E-1	2.61567E-3	1.61461E+1	8.85410E+0
-5.40285E-1	2.56569E-3	1.58376E+1	8.84882E+0
-5.50298E-1	2.52921E-3	1.56124E+1	8.88467E+0
-5.60272E-1	2.48541E-3	1.53420E+1	8.88905E+0
-5.70282E-1	2.42854E-3	1.49910E+1	8.84084E+0
-5.80292E-1	2.38207E-3	1.47041E+1	8.82388E+0
-5.90300E-1	2.32792E-3	1.43699E+1	8.77201E+0
-6.00277E-1	2.26215E-3	1.39639E+1	8.66825E+0
-6.10291E-1	2.20321E-3	1.36001E+1	8.58324E+0
-6.20301E-1	2.12493E-3	1.31169E+1	8.41406E+0
-6.30279E-1	2.04708E-3	1.26363E+1	8.23619E+0
-6.40290E-1	1.97159E-3	1.21703E+1	8.05846E+0
-6.50305E-1	1.87348E-3	1.15647E+1	7.77723E+0
-6.60315E-1	1.78806E-3	1.10374E+1	7.53688E+0
-6.70288E-1	1.69691E-3	1.04748E+1	7.26070E+0
-6.80296E-1	1.59809E-3	9.86475E+0	6.93997E+0
-6.90309E-1	1.49804E-3	9.24716E+0	6.60124E+0
-7.00316E-1	1.38842E-3	8.57049E+0	6.20688E+0
-7.10293E-1	1.28203E-3	7.91377E+0	5.81292E+0
-7.20303E-1	1.16104E-3	7.16691E+0	5.33852E+0
-7.30317E-1	1.04092E-3	6.42543E+0	4.85274E+0
-7.40282E-1	9.18090E-4	5.66722E+0	4.33851E+0
-7.50292E-1	7.93798E-4	4.89999E+0	3.80188E+0
-7.60304E-1	6.66334E-4	4.11317E+0	3.23398E+0
-7.70313E-1	5.36979E-4	3.31469E+0	2.64048E+0
-7.80288E-1	4.03717E-4	2.49208E+0	2.01090E+0
-7.90302E-1	2.68497E-4	1.65739E+0	1.35454E+0
-8.00313E-1	1.31228E-4	8.10049E-1	6.70417E-1
-8.10327E-1	-1.13679E-5	-7.01722E-2	-5.88029E-2
-8.20306E-1	-1.51296E-4	-9.33926E-1	-7.92249E-1
-8.30313E-1	-2.94061E-4	-1.81519E+0	-1.55861E+0
-8.40322E-1	-4.39421E-4	-2.71248E+0	-2.35714E+0
-8.50294E-1	-5.84177E-4	-3.60603E+0	-3.17082E+0
-8.60305E-1	-7.33529E-4	-4.52796E+0	-4.02836E+0
-8.70317E-1	-8.84301E-4	-5.45865E+0	-4.91288E+0
-8.80322E-1	-1.03232E-3	-6.37235E+0	-5.80115E+0
-8.90299E-1	-1.18417E-3	-7.30969E+0	-6.72990E+0
-9.00311E-1	-1.33720E-3	-8.25432E+0	-7.68506E+0
-9.10323E-1	-1.49186E-3	-9.20901E+0	-8.66926E+0
-9.20331E-1	-1.64836E-3	-1.01751E+1	-9.68400E+0
-9.30306E-1	-1.80473E-3	-1.11403E+1	-1.07176E+1
-9.40324E-1	-1.96292E-3	-1.21168E+1	-1.17825E+1
-9.50333E-1	-2.12213E-3	-1.30996E+1	-1.28738E+1
-9.60307E-1	-2.28088E-3	-1.40795E+1	-1.39821E+1
-9.70318E-1	-2.44238E-3	-1.50764E+1	-1.51282E+1
-9.80331E-1	-2.60433E-3	-1.60761E+1	-1.62977E+1
-9.90341E-1	-2.76636E-3	-1.70763E+1	-1.74885E+1
-1.00032E+0	-2.92916E-3	-1.80812E+1	-1.87043E+1
-1.01032E+0	-3.09296E-3	-1.90923E+1	-1.99477E+1
8.88905E+0	2.07800E+1	-8.10327E-1	5.10477E-1
8.95476E+0	2.07136E+1	-7.90305E-1	5.28969E-1
8.29728E+0	1.91054E+1	-7.80299E-1	5.38202E-1
5.59676E-1	1.07285E+0	-8.00174E-1	6.30434E-1
1.23973E+0	2.21403E+0	-7.80244E-1	6.93968E-1
1.14539E+1	2.33867E+1	-8.00322E-1	5.91761E-1
