Efficiency(%)	JSC(mA/cm^2)	VOC(V)	FF				 
1.01000E+0	3.41206E-6	2.10621E-2	-2.14876E-2
9.99995E-1	3.51435E-3	2.16935E+1	-2.19125E+1
9.89995E-1	3.52146E-3	2.17374E+1	-2.17373E+1
9.79992E-1	3.50945E-3	2.16633E+1	-2.14443E+1
9.69997E-1	3.50999E-3	2.16666E+1	-2.12288E+1
9.59993E-1	3.50191E-3	2.16167E+1	-2.09615E+1
9.49995E-1	3.50370E-3	2.16278E+1	-2.07538E+1
9.39995E-1	3.50401E-3	2.16297E+1	-2.05372E+1
9.29988E-1	3.49968E-3	2.16030E+1	-2.02934E+1
9.19989E-1	3.51018E-3	2.16678E+1	-2.01355E+1
9.09991E-1	3.49865E-3	2.15966E+1	-1.98512E+1
8.99993E-1	3.50511E-3	2.16365E+1	-1.96694E+1
8.89989E-1	3.50613E-3	2.16428E+1	-1.94564E+1
8.79992E-1	3.49409E-3	2.15685E+1	-1.91718E+1
8.69959E-1	3.50089E-3	2.16104E+1	-1.89901E+1
8.59959E-1	3.50234E-3	2.16194E+1	-1.87796E+1
8.49958E-1	3.49230E-3	2.15574E+1	-1.85080E+1
8.39958E-1	3.49790E-3	2.15920E+1	-1.83195E+1
8.29958E-1	3.50152E-3	2.16143E+1	-1.81202E+1
8.19954E-1	3.49153E-3	2.15527E+1	-1.78507E+1
8.09953E-1	3.49828E-3	2.15943E+1	-1.76671E+1
7.99957E-1	3.48373E-3	2.15045E+1	-1.73764E+1
7.89957E-1	3.49057E-3	2.15467E+1	-1.71929E+1
7.79946E-1	3.48922E-3	2.15384E+1	-1.69685E+1
7.69944E-1	3.49138E-3	2.15517E+1	-1.67612E+1
7.59942E-1	3.49491E-3	2.15735E+1	-1.65602E+1
7.49947E-1	3.48852E-3	2.15341E+1	-1.63125E+1
7.39942E-1	3.49062E-3	2.15470E+1	-1.61046E+1
7.29942E-1	3.47601E-3	2.14569E+1	-1.58205E+1
7.19950E-1	3.48562E-3	2.15162E+1	-1.56470E+1
7.09949E-1	3.48344E-3	2.15027E+1	-1.54200E+1
6.99950E-1	3.49331E-3	2.15636E+1	-1.52459E+1
6.89953E-1	3.49045E-3	2.15460E+1	-1.50159E+1
6.79956E-1	3.48647E-3	2.15214E+1	-1.47814E+1
6.69950E-1	3.47935E-3	2.14775E+1	-1.45342E+1
6.59950E-1	3.47419E-3	2.14456E+1	-1.42960E+1
6.49953E-1	3.47706E-3	2.14633E+1	-1.40911E+1
6.39952E-1	3.46699E-3	2.14012E+1	-1.38341E+1
6.29948E-1	3.48141E-3	2.14902E+1	-1.36744E+1
6.19946E-1	3.48163E-3	2.14915E+1	-1.34582E+1
6.09948E-1	3.47200E-3	2.14321E+1	-1.32045E+1
5.99945E-1	3.47573E-3	2.14551E+1	-1.30019E+1
5.89947E-1	3.47482E-3	2.14495E+1	-1.27819E+1
5.79946E-1	3.48484E-3	2.15114E+1	-1.26014E+1
5.69951E-1	3.47728E-3	2.14647E+1	-1.23574E+1
5.59949E-1	3.47576E-3	2.14553E+1	-1.21352E+1
5.49950E-1	3.47000E-3	2.14198E+1	-1.18988E+1
5.39947E-1	3.46586E-3	2.13942E+1	-1.16684E+1
5.29948E-1	3.46818E-3	2.14085E+1	-1.14600E+1
5.19945E-1	3.45421E-3	2.13223E+1	-1.11984E+1
5.09946E-1	3.46695E-3	2.14009E+1	-1.10236E+1
4.99946E-1	3.46075E-3	2.13627E+1	-1.07881E+1
4.89944E-1	3.46744E-3	2.14040E+1	-1.05927E+1
4.79943E-1	3.45789E-3	2.13450E+1	-1.03479E+1
4.69945E-1	3.45087E-3	2.13017E+1	-1.01117E+1
4.59949E-1	3.45570E-3	2.13315E+1	-9.91050E+0
4.49942E-1	3.45075E-3	2.13009E+1	-9.68099E+0
4.39942E-1	3.45860E-3	2.13494E+1	-9.48736E+0
4.29940E-1	3.45140E-3	2.13049E+1	-9.25237E+0
4.19943E-1	3.46383E-3	2.13817E+1	-9.06978E+0
4.09944E-1	3.45506E-3	2.13275E+1	-8.83141E+0
3.99940E-1	3.46045E-3	2.13608E+1	-8.62933E+0
3.89946E-1	3.45541E-3	2.13297E+1	-8.40144E+0
3.79941E-1	3.45051E-3	2.12994E+1	-8.17427E+0
3.69942E-1	3.45189E-3	2.13080E+1	-7.96233E+0
3.59942E-1	3.44064E-3	2.12385E+1	-7.72185E+0
3.49941E-1	3.44806E-3	2.12843E+1	-7.52349E+0
3.39936E-1	3.44187E-3	2.12461E+1	-7.29527E+0
3.29939E-1	3.44327E-3	2.12548E+1	-7.08361E+0
3.19936E-1	3.44909E-3	2.12907E+1	-6.88046E+0
3.09937E-1	3.43448E-3	2.12005E+1	-6.63719E+0
2.99932E-1	3.44398E-3	2.12591E+1	-6.44070E+0
2.89937E-1	3.43413E-3	2.11983E+1	-6.20826E+0
2.79936E-1	3.43653E-3	2.12131E+1	-5.99831E+0
2.69936E-1	3.43906E-3	2.12288E+1	-5.78829E+0
2.59938E-1	3.42563E-3	2.11459E+1	-5.55213E+0
2.49940E-1	3.43431E-3	2.11994E+1	-5.35211E+0
2.39943E-1	3.42477E-3	2.11406E+1	-5.12377E+0
2.29939E-1	3.43060E-3	2.11765E+1	-4.91850E+0
2.19939E-1	3.42108E-3	2.11178E+1	-4.69154E+0
2.09940E-1	3.42038E-3	2.11135E+1	-4.47733E+0
1.99934E-1	3.42555E-3	2.11454E+1	-4.27038E+0
1.89934E-1	3.41858E-3	2.11023E+1	-4.04854E+0
1.79936E-1	3.42699E-3	2.11543E+1	-3.84486E+0
1.69937E-1	3.41824E-3	2.11002E+1	-3.62193E+0
1.59931E-1	3.42005E-3	2.11114E+1	-3.41048E+0
1.49931E-1	3.42268E-3	2.11277E+1	-3.19969E+0
1.39929E-1	3.41016E-3	2.10504E+1	-2.97531E+0
1.29930E-1	3.41615E-3	2.10873E+1	-2.76755E+0
1.19934E-1	3.40702E-3	2.10310E+1	-2.54781E+0
1.09935E-1	3.40876E-3	2.10417E+1	-2.33659E+0
9.99317E-2	3.41432E-3	2.10760E+1	-2.12744E+0
8.99262E-2	3.39975E-3	2.09861E+1	-1.90626E+0
7.99298E-2	3.40426E-3	2.10140E+1	-1.69661E+0
6.99296E-2	3.39681E-3	2.09680E+1	-1.48109E+0
5.99306E-2	3.39967E-3	2.09856E+1	-1.27038E+0
4.99275E-2	3.39505E-3	2.09571E+1	-1.05690E+0
3.99284E-2	3.38406E-3	2.08893E+1	-8.42500E-1
2.99296E-2	3.39595E-3	2.09627E+1	-6.33741E-1
1.99299E-2	3.38587E-3	2.09004E+1	-4.20751E-1
9.93061E-3	3.39780E-3	2.09741E+1	-2.10389E-1
-6.81877E-5	3.38816E-3	2.09146E+1	1.44052E-3
-9.93276E-3	3.38780E-3	2.09123E+1	2.09815E-1
-1.99351E-2	3.37045E-3	2.08052E+1	4.18944E-1
-2.99344E-2	3.37608E-3	2.08400E+1	6.30134E-1
-3.99342E-2	3.36650E-3	2.07809E+1	8.38250E-1
-4.99334E-2	3.37419E-3	2.08283E+1	1.05053E+0
-5.99406E-2	3.37714E-3	2.08465E+1	1.26218E+0
-6.99410E-2	3.36485E-3	2.07707E+1	1.46740E+0
-7.99429E-2	3.37378E-3	2.08258E+1	1.68169E+0
-8.99386E-2	3.36117E-3	2.07480E+1	1.88489E+0
-9.99424E-2	3.36446E-3	2.07683E+1	2.09660E+0
-1.09944E-1	3.35779E-3	2.07271E+1	2.30184E+0
-1.19943E-1	3.35126E-3	2.06868E+1	2.50630E+0
-1.29943E-1	3.35348E-3	2.07005E+1	2.71705E+0
-1.39936E-1	3.34305E-3	2.06361E+1	2.91690E+0
-1.49940E-1	3.33908E-3	2.06116E+1	3.12172E+0
-1.59935E-1	3.33673E-3	2.05971E+1	3.32747E+0
-1.69943E-1	3.33345E-3	2.05769E+1	3.53221E+0
-1.79942E-1	3.33594E-3	2.05922E+1	3.74283E+0
-1.89942E-1	3.32237E-3	2.05085E+1	3.93476E+0
-1.99941E-1	3.32642E-3	2.05335E+1	4.14695E+0
-2.09951E-1	3.31656E-3	2.04726E+1	4.34166E+0
-2.19948E-1	3.31326E-3	2.04522E+1	4.54386E+0
-2.29949E-1	3.31381E-3	2.04556E+1	4.75126E+0
-2.39953E-1	3.29745E-3	2.03546E+1	4.93349E+0
-2.49950E-1	3.30616E-3	2.04084E+1	5.15260E+0
-2.59949E-1	3.29512E-3	2.03402E+1	5.34084E+0
-2.69948E-1	3.29435E-3	2.03355E+1	5.54498E+0
-2.79949E-1	3.27959E-3	2.02444E+1	5.72464E+0
-2.89948E-1	3.27375E-3	2.02083E+1	5.91855E+0
-2.99946E-1	3.27223E-3	2.01990E+1	6.11979E+0
-3.09945E-1	3.26043E-3	2.01261E+1	6.30100E+0
-3.19953E-1	3.25208E-3	2.00746E+1	6.48780E+0
-3.29952E-1	3.23254E-3	1.99540E+1	6.65035E+0
-3.39948E-1	3.23096E-3	1.99442E+1	6.84847E+0
-3.49955E-1	3.21815E-3	1.98651E+1	7.02212E+0
-3.59954E-1	3.21630E-3	1.98537E+1	7.21861E+0
-3.69949E-1	3.20836E-3	1.98047E+1	7.40073E+0
-3.79951E-1	3.18610E-3	1.96673E+1	7.54809E+0
-3.89951E-1	3.18920E-3	1.96864E+1	7.75428E+0
-3.99952E-1	3.16704E-3	1.95496E+1	7.89789E+0
-4.09952E-1	3.16507E-3	1.95375E+1	8.09033E+0
-4.19949E-1	3.15069E-3	1.94487E+1	8.24996E+0
-4.29949E-1	3.13795E-3	1.93701E+1	8.41226E+0
-4.39948E-1	3.12722E-3	1.93038E+1	8.57846E+0
-4.49946E-1	3.10177E-3	1.91467E+1	8.70201E+0
-4.59951E-1	3.09391E-3	1.90982E+1	8.87297E+0
-4.69948E-1	3.07171E-3	1.89612E+1	9.00077E+0
-4.79948E-1	3.06470E-3	1.89179E+1	9.17132E+0
-4.89951E-1	3.04296E-3	1.87837E+1	9.29605E+0
-4.99958E-1	3.02582E-3	1.86779E+1	9.43249E+0
-5.09962E-1	3.00128E-3	1.85264E+1	9.54320E+0
-5.19958E-1	2.97024E-3	1.83348E+1	9.62963E+0
-5.29955E-1	2.95112E-3	1.82168E+1	9.75159E+0
-5.39958E-1	2.91911E-3	1.80192E+1	9.82789E+0
-5.49959E-1	2.89877E-3	1.78936E+1	9.94017E+0
-5.59957E-1	2.86289E-3	1.76722E+1	9.99561E+0
-5.69955E-1	2.82677E-3	1.74492E+1	1.00457E+1
-5.79951E-1	2.78955E-3	1.72194E+1	1.00873E+1
-5.89948E-1	2.74059E-3	1.69172E+1	1.00811E+1
-5.99949E-1	2.69559E-3	1.66394E+1	1.00837E+1
-6.09952E-1	2.63262E-3	1.62507E+1	1.00123E+1
-6.19949E-1	2.57419E-3	1.58901E+1	9.95053E+0
-6.29951E-1	2.50207E-3	1.54449E+1	9.82779E+0
-6.39984E-1	2.41743E-3	1.49224E+1	9.64657E+0
-6.49994E-1	2.33580E-3	1.44185E+1	9.46662E+0
-6.59992E-1	2.23633E-3	1.38045E+1	9.20289E+0
-6.69995E-1	2.13157E-3	1.31578E+1	8.90473E+0
-6.79998E-1	2.00440E-3	1.23728E+1	8.49849E+0
-6.89996E-1	1.87918E-3	1.15999E+1	8.08472E+0
-6.99995E-1	1.73332E-3	1.06995E+1	7.56525E+0
-7.09992E-1	1.58159E-3	9.76290E+0	7.00160E+0
-7.19993E-1	1.41598E-3	8.74062E+0	6.35675E+0
-7.29986E-1	1.23771E-3	7.64019E+0	5.63356E+0
-7.39989E-1	1.05264E-3	6.49778E+0	4.85685E+0
-7.49993E-1	8.53432E-4	5.26810E+0	3.99095E+0
-7.59994E-1	6.49209E-4	4.00746E+0	3.07641E+0
-7.69997E-1	4.30440E-4	2.65704E+0	2.06658E+0
-7.79997E-1	2.08060E-4	1.28432E+0	1.01189E+0
-7.90006E-1	-2.47473E-5	-1.52761E-1	-1.21901E-1
-8.00006E-1	-2.67742E-4	-1.65273E+0	-1.33555E+0
-8.10007E-1	-5.15339E-4	-3.18110E+0	-2.60274E+0
-8.20007E-1	-7.72097E-4	-4.76603E+0	-3.94766E+0
-8.30010E-1	-1.03282E-3	-6.37543E+0	-5.34512E+0
-8.40010E-1	-1.29834E-3	-8.01444E+0	-6.80022E+0
-8.50009E-1	-1.57253E-3	-9.70698E+0	-8.33436E+0
-8.60012E-1	-1.84921E-3	-1.14149E+1	-9.91609E+0
-8.70011E-1	-2.13323E-3	-1.31681E+1	-1.15721E+1
-8.80008E-1	-2.41941E-3	-1.49346E+1	-1.32753E+1
-8.90002E-1	-2.71208E-3	-1.67412E+1	-1.50502E+1
-9.00009E-1	-3.00678E-3	-1.85604E+1	-1.68732E+1
-9.10006E-1	-3.30640E-3	-2.04099E+1	-1.87607E+1
-9.20005E-1	-3.60941E-3	-2.22803E+1	-2.07050E+1
-9.30003E-1	-3.91421E-3	-2.41618E+1	-2.26975E+1
-9.40010E-1	-4.22417E-3	-2.60751E+1	-2.47585E+1
-9.50006E-1	-4.53483E-3	-2.79928E+1	-2.68619E+1
-9.60010E-1	-4.85009E-3	-2.99388E+1	-2.90319E+1
-9.70012E-1	-5.16729E-3	-3.18969E+1	-3.12529E+1
-9.80008E-1	-5.48723E-3	-3.38718E+1	-3.35299E+1
-9.90008E-1	-5.80862E-3	-3.58557E+1	-3.58560E+1
-1.00001E+0	-6.13270E-3	-3.78562E+1	-3.82389E+1
-1.01001E+0	-6.45944E-3	-3.98731E+1	-4.06790E+1
1.00873E+1	2.09146E+1	-7.90006E-1	6.04408E-1
1.02634E+1	2.09960E+1	-7.89998E-1	6.12582E-1
2.63290E-3	6.91994E-3	-9.20780E-1	4.09083E-1
1.02039E+1	2.10819E+1	-7.89995E-1	6.06551E-1
1.08845E+1	2.26036E+1	-7.90009E-1	6.03440E-1
1.12553E+1	2.22643E+1	-7.90002E-1	6.33512E-1
