1.01003E+0	3.81927E-3	2.35757E+1	-2.38122E+1
1.00004E+0	3.81137E-3	2.35270E+1	-2.35279E+1
9.90039E-1	3.81861E-3	2.35717E+1	-2.33369E+1
9.80039E-1	3.79866E-3	2.34485E+1	-2.29805E+1
9.70043E-1	3.80173E-3	2.34675E+1	-2.27645E+1
9.60039E-1	3.81442E-3	2.35458E+1	-2.26049E+1
9.50040E-1	3.81415E-3	2.35441E+1	-2.23679E+1
9.40037E-1	3.81334E-3	2.35391E+1	-2.21277E+1
9.30033E-1	3.82211E-3	2.35933E+1	-2.19425E+1
9.20033E-1	3.80336E-3	2.34775E+1	-2.16001E+1
9.10035E-1	3.81752E-3	2.35649E+1	-2.14449E+1
9.00035E-1	3.81355E-3	2.35404E+1	-2.11872E+1
8.90032E-1	3.81236E-3	2.35331E+1	-2.09452E+1
8.80035E-1	3.81381E-3	2.35420E+1	-2.07178E+1
8.69997E-1	3.80303E-3	2.34755E+1	-2.04236E+1
8.60000E-1	3.80517E-3	2.34887E+1	-2.02003E+1
8.50000E-1	3.79320E-3	2.34148E+1	-1.99026E+1
8.39998E-1	3.79368E-3	2.34178E+1	-1.96709E+1
8.30000E-1	3.79821E-3	2.34457E+1	-1.94600E+1
8.19993E-1	3.80744E-3	2.35027E+1	-1.92721E+1
8.09999E-1	3.79755E-3	2.34417E+1	-1.89877E+1
7.99998E-1	3.78586E-3	2.33695E+1	-1.86956E+1
7.90000E-1	3.79203E-3	2.34076E+1	-1.84920E+1
7.79992E-1	3.79593E-3	2.34317E+1	-1.82765E+1
7.69990E-1	3.79618E-3	2.34332E+1	-1.80433E+1
7.59990E-1	3.78965E-3	2.33929E+1	-1.77784E+1
7.49990E-1	3.80474E-3	2.34860E+1	-1.76143E+1
7.39985E-1	3.79065E-3	2.33991E+1	-1.73150E+1
7.29985E-1	3.79357E-3	2.34171E+1	-1.70941E+1
7.19987E-1	3.78365E-3	2.33559E+1	-1.68159E+1
7.09988E-1	3.78544E-3	2.33669E+1	-1.65902E+1
6.99986E-1	3.79691E-3	2.34377E+1	-1.64061E+1
6.89987E-1	3.79025E-3	2.33966E+1	-1.61434E+1
6.79987E-1	3.78921E-3	2.33902E+1	-1.59050E+1
6.69985E-1	3.79121E-3	2.34025E+1	-1.56793E+1
6.59982E-1	3.78657E-3	2.33739E+1	-1.54263E+1
6.49986E-1	3.78886E-3	2.33880E+1	-1.52019E+1
6.39987E-1	3.77869E-3	2.33252E+1	-1.49279E+1
6.29978E-1	3.78669E-3	2.33746E+1	-1.47255E+1
6.19978E-1	3.78446E-3	2.33609E+1	-1.44832E+1
6.09977E-1	3.78061E-3	2.33371E+1	-1.42351E+1
5.99977E-1	3.79301E-3	2.34136E+1	-1.40476E+1
5.89978E-1	3.77589E-3	2.33080E+1	-1.37512E+1
5.79984E-1	3.77397E-3	2.32961E+1	-1.35114E+1
5.69988E-1	3.77297E-3	2.32899E+1	-1.32750E+1
5.59991E-1	3.77498E-3	2.33023E+1	-1.30491E+1
5.49994E-1	3.76957E-3	2.32690E+1	-1.27978E+1
5.39990E-1	3.76977E-3	2.32702E+1	-1.25657E+1
5.29991E-1	3.77141E-3	2.32803E+1	-1.23384E+1
5.19986E-1	3.76486E-3	2.32399E+1	-1.20844E+1
5.09985E-1	3.77338E-3	2.32925E+1	-1.18788E+1
4.99986E-1	3.77002E-3	2.32717E+1	-1.16355E+1
4.89982E-1	3.76919E-3	2.32666E+1	-1.14002E+1
4.79984E-1	3.78119E-3	2.33407E+1	-1.12032E+1
4.69987E-1	3.75932E-3	2.32057E+1	-1.09064E+1
4.59986E-1	3.75646E-3	2.31880E+1	-1.06662E+1
4.49981E-1	3.76888E-3	2.32647E+1	-1.04687E+1
4.39984E-1	3.76861E-3	2.32630E+1	-1.02354E+1
4.29985E-1	3.76291E-3	2.32278E+1	-9.98762E+0
4.19988E-1	3.76917E-3	2.32665E+1	-9.77164E+0
4.09990E-1	3.76295E-3	2.32281E+1	-9.52328E+0
3.99989E-1	3.75851E-3	2.32007E+1	-9.28002E+0
3.89987E-1	3.76412E-3	2.32353E+1	-9.06147E+0
3.79989E-1	3.75142E-3	2.31569E+1	-8.79937E+0
3.69987E-1	3.74926E-3	2.31436E+1	-8.56282E+0
3.59987E-1	3.75771E-3	2.31957E+1	-8.35017E+0
3.49987E-1	3.75078E-3	2.31530E+1	-8.10324E+0
3.39981E-1	3.75089E-3	2.31536E+1	-7.87180E+0
3.29985E-1	3.76246E-3	2.32251E+1	-7.66392E+0
3.19982E-1	3.75770E-3	2.31957E+1	-7.42220E+0
3.09984E-1	3.74944E-3	2.31447E+1	-7.17448E+0
2.99986E-1	3.75068E-3	2.31523E+1	-6.94538E+0
2.89984E-1	3.76356E-3	2.32319E+1	-6.73687E+0
2.79989E-1	3.75923E-3	2.32051E+1	-6.49718E+0
2.69988E-1	3.74978E-3	2.31468E+1	-6.24936E+0
2.59993E-1	3.75678E-3	2.31900E+1	-6.02924E+0
2.49998E-1	3.74866E-3	2.31399E+1	-5.78492E+0
2.40000E-1	3.74329E-3	2.31067E+1	-5.54561E+0
2.29994E-1	3.75259E-3	2.31641E+1	-5.32761E+0
2.19998E-1	3.74539E-3	2.31197E+1	-5.08629E+0
2.09996E-1	3.73363E-3	2.30471E+1	-4.83980E+0
1.99988E-1	3.73372E-3	2.30477E+1	-4.60925E+0
1.89987E-1	3.74392E-3	2.31106E+1	-4.39072E+0
1.79985E-1	3.73877E-3	2.30788E+1	-4.15384E+0
1.69990E-1	3.72784E-3	2.30114E+1	-3.91170E+0
1.59983E-1	3.72728E-3	2.30079E+1	-3.68087E+0
1.49988E-1	3.73004E-3	2.30249E+1	-3.45346E+0
1.39989E-1	3.72848E-3	2.30153E+1	-3.22189E+0
1.29992E-1	3.72697E-3	2.30060E+1	-2.99059E+0
1.19997E-1	3.73273E-3	2.30415E+1	-2.76492E+0
1.09998E-1	3.71976E-3	2.29615E+1	-2.52572E+0
9.99966E-2	3.70910E-3	2.28957E+1	-2.28949E+0
8.99916E-2	3.72344E-3	2.29842E+1	-2.06838E+0
7.99944E-2	3.72039E-3	2.29654E+1	-1.83710E+0
6.99925E-2	3.72396E-3	2.29874E+1	-1.60895E+0
5.99935E-2	3.73025E-3	2.30262E+1	-1.38142E+0
4.99897E-2	3.71986E-3	2.29621E+1	-1.14787E+0
3.99892E-2	3.71081E-3	2.29062E+1	-9.16002E-1
2.99907E-2	3.72065E-3	2.29670E+1	-6.88796E-1
1.99862E-2	3.71733E-3	2.29465E+1	-4.58613E-1
9.98902E-3	3.71167E-3	2.29115E+1	-2.28864E-1
-1.14441E-5	3.72324E-3	2.29830E+1	2.63019E-4
-9.91106E-3	3.72105E-3	2.29694E+1	2.27652E-1
-1.99122E-2	3.71069E-3	2.29055E+1	4.56099E-1
-2.99127E-2	3.71964E-3	2.29607E+1	6.86818E-1
-3.99103E-2	3.72194E-3	2.29749E+1	9.16937E-1
-4.99060E-2	3.70771E-3	2.28871E+1	1.14220E+0
-5.99134E-2	3.70301E-3	2.28581E+1	1.36951E+0
-6.99098E-2	3.71138E-3	2.29098E+1	1.60162E+0
-7.99115E-2	3.70822E-3	2.28902E+1	1.82919E+0
-8.99074E-2	3.69833E-3	2.28292E+1	2.05251E+0
-9.99141E-2	3.71240E-3	2.29160E+1	2.28964E+0
-1.09915E-1	3.70104E-3	2.28459E+1	2.51111E+0
-1.19915E-1	3.69691E-3	2.28204E+1	2.73651E+0
-1.29915E-1	3.70384E-3	2.28632E+1	2.97027E+0
-1.39913E-1	3.70649E-3	2.28796E+1	3.20115E+0
-1.49914E-1	3.69722E-3	2.28223E+1	3.42139E+0
-1.59912E-1	3.70346E-3	2.28609E+1	3.65573E+0
-1.69913E-1	3.68817E-3	2.27665E+1	3.86832E+0
-1.79918E-1	3.68923E-3	2.27730E+1	4.09728E+0
-1.89915E-1	3.69674E-3	2.28194E+1	4.33374E+0
-1.99919E-1	3.68626E-3	2.27547E+1	4.54910E+0
-2.09924E-1	3.68686E-3	2.27584E+1	4.77753E+0
-2.19924E-1	3.68793E-3	2.27650E+1	5.00657E+0
-2.29921E-1	3.67288E-3	2.26721E+1	5.21279E+0
-2.39927E-1	3.68019E-3	2.27172E+1	5.45047E+0
-2.49923E-1	3.67183E-3	2.26656E+1	5.66466E+0
-2.59923E-1	3.67501E-3	2.26852E+1	5.89642E+0
-2.69923E-1	3.68282E-3	2.27335E+1	6.13628E+0
-2.79914E-1	3.66944E-3	2.26509E+1	6.34029E+0
-2.89914E-1	3.67162E-3	2.26643E+1	6.57070E+0
-2.99910E-1	3.66309E-3	2.26117E+1	6.78146E+0
-3.09908E-1	3.65879E-3	2.25851E+1	6.99931E+0
-3.19914E-1	3.67166E-3	2.26646E+1	7.25071E+0
-3.29910E-1	3.66590E-3	2.26290E+1	7.46554E+0
-3.39908E-1	3.66088E-3	2.25980E+1	7.68125E+0
-3.49915E-1	3.66310E-3	2.26117E+1	7.91218E+0
-3.59911E-1	3.65011E-3	2.25315E+1	8.10935E+0
-3.69913E-1	3.65605E-3	2.25682E+1	8.34827E+0
-3.79912E-1	3.64482E-3	2.24989E+1	8.54760E+0
-3.89914E-1	3.65542E-3	2.25643E+1	8.79814E+0
-3.99915E-1	3.65576E-3	2.25664E+1	9.02465E+0
-4.09914E-1	3.63605E-3	2.24448E+1	9.20042E+0
-4.19920E-1	3.64552E-3	2.25032E+1	9.44955E+0
-4.29918E-1	3.63274E-3	2.24243E+1	9.64062E+0
-4.39921E-1	3.62417E-3	2.23714E+1	9.84166E+0
-4.49914E-1	3.62672E-3	2.23872E+1	1.00723E+1
-4.59916E-1	3.62794E-3	2.23947E+1	1.02997E+1
-4.69913E-1	3.61131E-3	2.22920E+1	1.04753E+1
-4.79914E-1	3.60698E-3	2.22653E+1	1.06854E+1
-4.89913E-1	3.60935E-3	2.22799E+1	1.09152E+1
-4.99921E-1	3.59886E-3	2.22152E+1	1.11058E+1
-5.09919E-1	3.59481E-3	2.21902E+1	1.13152E+1
-5.19919E-1	3.58592E-3	2.21353E+1	1.15086E+1
-5.29920E-1	3.59043E-3	2.21631E+1	1.17447E+1
-5.39925E-1	3.58116E-3	2.21059E+1	1.19355E+1
-5.49924E-1	3.56694E-3	2.20181E+1	1.21083E+1
-5.59924E-1	3.56784E-3	2.20237E+1	1.23316E+1
-5.69922E-1	3.56258E-3	2.19912E+1	1.25333E+1
-5.79921E-1	3.54885E-3	2.19065E+1	1.27040E+1
-5.89923E-1	3.53790E-3	2.18389E+1	1.28833E+1
-5.99921E-1	3.52963E-3	2.17878E+1	1.30710E+1
-6.09923E-1	3.51339E-3	2.16876E+1	1.32278E+1
-6.19918E-1	3.50211E-3	2.16180E+1	1.34014E+1
-6.29918E-1	3.48716E-3	2.15257E+1	1.35594E+1
-6.39952E-1	3.46147E-3	2.13671E+1	1.36739E+1
-6.49961E-1	3.44245E-3	2.12497E+1	1.38115E+1
-6.59958E-1	3.41132E-3	2.10575E+1	1.38971E+1
-6.69960E-1	3.37808E-3	2.08523E+1	1.39702E+1
-6.79966E-1	3.35472E-3	2.07081E+1	1.40808E+1
-6.89963E-1	3.29455E-3	2.03367E+1	1.40316E+1
-6.99964E-1	3.26117E-3	2.01307E+1	1.40908E+1
-7.09961E-1	3.19851E-3	1.97439E+1	1.40174E+1
-7.19959E-1	3.12901E-3	1.93149E+1	1.39059E+1
-7.29956E-1	3.06274E-3	1.89058E+1	1.38004E+1
-7.39957E-1	2.97710E-3	1.83772E+1	1.35983E+1
-7.49955E-1	2.86946E-3	1.77127E+1	1.32837E+1
-7.59956E-1	2.75212E-3	1.69884E+1	1.29104E+1
-7.69953E-1	2.62321E-3	1.61927E+1	1.24676E+1
-7.79951E-1	2.49131E-3	1.53785E+1	1.19944E+1
-7.89958E-1	2.28595E-3	1.41108E+1	1.11469E+1
-7.99957E-1	2.14283E-3	1.32273E+1	1.05813E+1
-8.09957E-1	1.94324E-3	1.19953E+1	9.71568E+0
-8.19959E-1	1.74697E-3	1.07838E+1	8.84225E+0
-8.29959E-1	1.56827E-3	9.68068E+0	8.03457E+0
-8.39955E-1	1.38422E-3	8.54457E+0	7.17705E+0
-8.49954E-1	1.11398E-3	6.87642E+0	5.84464E+0
-8.59954E-1	6.87425E-4	4.24336E+0	3.64910E+0
-8.69943E-1	6.34842E-4	3.91878E+0	3.40911E+0
-8.79946E-1	3.15819E-4	1.94950E+0	1.71545E+0
-8.89942E-1	-2.46525E-4	-1.52176E+0	-1.35428E+0
-8.99944E-1	-5.14351E-4	-3.17501E+0	-2.85733E+0
-9.09941E-1	-8.64771E-4	-5.33809E+0	-4.85735E+0
-9.19944E-1	-9.87911E-4	-6.09822E+0	-5.61002E+0
-9.29942E-1	-1.45049E-3	-8.95364E+0	-8.32637E+0
-9.39947E-1	-1.96553E-3	-1.21329E+1	-1.14043E+1
-9.49946E-1	-2.56530E-3	-1.58352E+1	-1.50426E+1
-9.59942E-1	-2.77439E-3	-1.71259E+1	-1.64398E+1
-9.69979E-1	-8.77917E-3	-5.41924E+1	-5.25655E+1
-9.79959E-1	-6.94431E-3	-4.28661E+1	-4.20070E+1
-9.89956E-1	-5.94436E-3	-3.66936E+1	-3.63250E+1
-9.99953E-1	-6.43754E-3	-3.97379E+1	-3.97360E+1
-1.00996E+0	-7.25435E-3	-4.47799E+1	-4.52259E+1
