1.01000E+0	6.06167E-3	3.74177E+1	-3.90816E+1
1.00002E+0	3.90646E-3	2.41140E+1	-2.49374E+1
9.90010E-1	3.87542E-3	2.39223E+1	-2.44916E+1
9.79999E-1	3.89845E-3	2.40645E+1	-2.43880E+1
9.70023E-1	3.88767E-3	2.39980E+1	-2.40730E+1
9.60009E-1	3.87276E-3	2.39059E+1	-2.37331E+1
9.49997E-1	3.88440E-3	2.39778E+1	-2.35562E+1
9.40023E-1	3.86610E-3	2.38648E+1	-2.31990E+1
9.30009E-1	3.88363E-3	2.39730E+1	-2.30560E+1
9.19998E-1	3.87598E-3	2.39258E+1	-2.27629E+1
9.09990E-1	3.86902E-3	2.38828E+1	-2.24748E+1
9.00012E-1	3.87681E-3	2.39309E+1	-2.22731E+1
8.89999E-1	3.85571E-3	2.38007E+1	-2.19055E+1
8.79988E-1	3.89871E-3	2.40661E+1	-2.19006E+1
8.70011E-1	3.86510E-3	2.38586E+1	-2.14656E+1
8.60001E-1	3.85522E-3	2.37977E+1	-2.11644E+1
8.49990E-1	3.86583E-3	2.38631E+1	-2.09756E+1
8.39981E-1	3.87902E-3	2.39446E+1	-2.07994E+1
8.30006E-1	3.85786E-3	2.38140E+1	-2.04403E+1
8.19996E-1	3.87537E-3	2.39220E+1	-2.02854E+1
8.09984E-1	3.86594E-3	2.38638E+1	-1.99890E+1
8.00010E-1	3.83280E-3	2.36593E+1	-1.95736E+1
7.89999E-1	3.86453E-3	2.38551E+1	-1.94886E+1
7.79984E-1	3.84539E-3	2.37370E+1	-1.91463E+1
7.70008E-1	3.85725E-3	2.38102E+1	-1.89597E+1
7.60000E-1	3.83255E-3	2.36577E+1	-1.85934E+1
7.49988E-1	3.84583E-3	2.37397E+1	-1.84121E+1
7.39973E-1	3.82739E-3	2.36259E+1	-1.80791E+1
7.29996E-1	3.85044E-3	2.37681E+1	-1.79428E+1
7.19984E-1	3.83192E-3	2.36538E+1	-1.76116E+1
7.09975E-1	3.83812E-3	2.36921E+1	-1.73948E+1
7.00000E-1	3.84359E-3	2.37259E+1	-1.71749E+1
6.89989E-1	3.82104E-3	2.35867E+1	-1.68299E+1
6.79978E-1	3.83247E-3	2.36572E+1	-1.66354E+1
6.70003E-1	3.82126E-3	2.35880E+1	-1.63434E+1
6.59993E-1	3.82080E-3	2.35852E+1	-1.60973E+1
6.49981E-1	3.82517E-3	2.36122E+1	-1.58712E+1
6.39969E-1	3.80185E-3	2.34682E+1	-1.55315E+1
6.29989E-1	3.81747E-3	2.35646E+1	-1.53521E+1
6.19977E-1	3.80608E-3	2.34943E+1	-1.50630E+1
6.09964E-1	3.80372E-3	2.34798E+1	-1.48106E+1
5.99990E-1	3.81150E-3	2.35278E+1	-1.45982E+1
5.89976E-1	3.80079E-3	2.34617E+1	-1.43142E+1
5.79964E-1	3.81554E-3	2.35527E+1	-1.41259E+1
5.69989E-1	3.79287E-3	2.34128E+1	-1.38004E+1
5.59980E-1	3.78720E-3	2.33778E+1	-1.35378E+1
5.49967E-1	3.79626E-3	2.34337E+1	-1.33276E+1
5.39956E-1	3.78080E-3	2.33383E+1	-1.30317E+1
5.29980E-1	3.78407E-3	2.33585E+1	-1.28020E+1
5.19969E-1	3.76387E-3	2.32338E+1	-1.24931E+1
5.09960E-1	3.77970E-3	2.33315E+1	-1.23042E+1
4.99984E-1	3.76013E-3	2.32107E+1	-1.20010E+1
4.89971E-1	3.76757E-3	2.32566E+1	-1.17839E+1
4.79955E-1	3.75617E-3	2.31862E+1	-1.15081E+1
4.69981E-1	3.74491E-3	2.31167E+1	-1.12352E+1
4.59969E-1	3.76484E-3	2.32398E+1	-1.10544E+1
4.49955E-1	3.73101E-3	2.30309E+1	-1.07165E+1
4.39944E-1	3.74833E-3	2.31378E+1	-1.05267E+1
4.29969E-1	3.70995E-3	2.29009E+1	-1.01827E+1
4.19956E-1	3.70544E-3	2.28731E+1	-9.93350E+0
4.09946E-1	3.72395E-3	2.29873E+1	-9.74516E+0
3.99971E-1	3.69183E-3	2.27891E+1	-9.42603E+0
3.89957E-1	3.68908E-3	2.27721E+1	-9.18318E+0
3.79948E-1	3.70247E-3	2.28548E+1	-8.97996E+0
3.69936E-1	3.68022E-3	2.27174E+1	-8.69078E+0
3.59957E-1	3.68048E-3	2.27190E+1	-8.45695E+0
3.49947E-1	3.66334E-3	2.26132E+1	-8.18348E+0
3.39935E-1	3.66098E-3	2.25986E+1	-7.94423E+0
3.29961E-1	3.65994E-3	2.25922E+1	-7.70895E+0
3.19949E-1	3.65079E-3	2.25357E+1	-7.45635E+0
3.09935E-1	3.65940E-3	2.25889E+1	-7.24001E+0
2.99955E-1	3.63724E-3	2.24521E+1	-6.96445E+0
2.89947E-1	3.63917E-3	2.24640E+1	-6.73565E+0
2.79936E-1	3.62419E-3	2.23715E+1	-6.47632E+0
2.69926E-1	3.63545E-3	2.24410E+1	-6.26414E+0
2.59946E-1	3.59981E-3	2.22210E+1	-5.97339E+0
2.49935E-1	3.60025E-3	2.22238E+1	-5.74405E+0
2.39924E-1	3.59245E-3	2.21756E+1	-5.50203E+0
2.29948E-1	3.58055E-3	2.21022E+1	-5.25579E+0
2.19935E-1	3.58530E-3	2.21315E+1	-5.03360E+0
2.09922E-1	3.55031E-3	2.19155E+1	-4.75754E+0
1.99941E-1	3.56220E-3	2.19889E+1	-4.54652E+0
1.89928E-1	3.56483E-3	2.20051E+1	-4.32202E+0
1.79920E-1	3.55751E-3	2.19599E+1	-4.08587E+0
1.69909E-1	3.55258E-3	2.19295E+1	-3.85318E+0
1.59931E-1	3.54064E-3	2.18558E+1	-3.61471E+0
1.49915E-1	3.52296E-3	2.17467E+1	-3.37141E+0
1.39903E-1	3.51976E-3	2.17269E+1	-3.14339E+0
1.29927E-1	3.50276E-3	2.16220E+1	-2.90515E+0
1.19918E-1	3.48801E-3	2.15309E+1	-2.67006E+0
1.09905E-1	3.47964E-3	2.14793E+1	-2.44124E+0
9.99284E-2	3.46656E-3	2.13985E+1	-2.21129E+0
8.99153E-2	3.47422E-3	2.14458E+1	-1.99411E+0
7.99043E-2	3.45397E-3	2.13208E+1	-1.76176E+0
6.98929E-2	3.44937E-3	2.12924E+1	-1.53897E+0
5.99194E-2	3.44584E-3	2.12706E+1	-1.31802E+0
4.99015E-2	3.41057E-3	2.10529E+1	-1.08642E+0
3.98881E-2	3.41499E-3	2.10802E+1	-8.69543E-1
2.99106E-2	3.40935E-3	2.10454E+1	-6.50961E-1
1.98977E-2	3.39119E-3	2.09333E+1	-4.30738E-1
9.88650E-3	3.39684E-3	2.09681E+1	-2.14376E-1
-8.94070E-5	3.36339E-3	2.07617E+1	1.91958E-3
-1.01953E-2	3.35147E-3	2.06881E+1	2.18119E-1
-2.02076E-2	3.33156E-3	2.05652E+1	4.29755E-1
-3.02188E-2	3.34761E-3	2.06643E+1	6.45759E-1
-4.01947E-2	3.33463E-3	2.05841E+1	8.55608E-1
-5.02038E-2	3.29454E-3	2.03367E+1	1.05582E+0
-6.02210E-2	3.28247E-3	2.02622E+1	1.26185E+0
-7.02286E-2	3.27524E-3	2.02175E+1	1.46830E+0
-8.02054E-2	3.26249E-3	2.01388E+1	1.67036E+0
-9.02166E-2	3.24886E-3	2.00547E+1	1.87101E+0
-1.00224E-1	3.22592E-3	1.99131E+1	2.06388E+0
-1.10238E-1	3.22783E-3	1.99249E+1	2.27144E+0
-1.20214E-1	3.21438E-3	1.98419E+1	2.46667E+0
-1.30222E-1	3.18553E-3	1.96638E+1	2.64804E+0
-1.40235E-1	3.17001E-3	1.95680E+1	2.83776E+0
-1.50211E-1	3.16211E-3	1.95192E+1	3.03206E+0
-1.60222E-1	3.14930E-3	1.94401E+1	3.22103E+0
-1.70238E-1	3.12750E-3	1.93056E+1	3.39870E+0
-1.80249E-1	3.11749E-3	1.92438E+1	3.58704E+0
-1.90221E-1	3.08096E-3	1.90183E+1	3.74113E+0
-2.00236E-1	3.07569E-3	1.89857E+1	3.93136E+0
-2.10249E-1	3.06046E-3	1.88917E+1	4.10751E+0
-2.20261E-1	3.03100E-3	1.87099E+1	4.26169E+0
-2.30239E-1	3.01641E-3	1.86198E+1	4.43331E+0
-2.40248E-1	3.01323E-3	1.86002E+1	4.62116E+0
-2.50257E-1	2.98820E-3	1.84457E+1	4.77369E+0
-2.60233E-1	2.97106E-3	1.83399E+1	4.93551E+0
-2.70242E-1	2.95382E-3	1.82335E+1	5.09560E+0
-2.80252E-1	2.92775E-3	1.80725E+1	5.23771E+0
-2.90265E-1	2.91738E-3	1.80085E+1	5.40563E+0
-3.00240E-1	2.89075E-3	1.78441E+1	5.54036E+0
-3.10250E-1	2.85442E-3	1.76199E+1	5.65312E+0
-3.20264E-1	2.84387E-3	1.75548E+1	5.81402E+0
-3.30273E-1	2.81960E-3	1.74049E+1	5.94455E+0
-3.40246E-1	2.79472E-3	1.72514E+1	6.07002E+0
-3.50260E-1	2.78785E-3	1.72090E+1	6.23331E+0
-3.60272E-1	2.75182E-3	1.69865E+1	6.32862E+0
-3.70244E-1	2.73069E-3	1.68561E+1	6.45385E+0
-3.80256E-1	2.69710E-3	1.66488E+1	6.54684E+0
-3.90268E-1	2.66129E-3	1.64277E+1	6.63000E+0
-4.00282E-1	2.64228E-3	1.63104E+1	6.75155E+0
-4.10253E-1	2.61132E-3	1.61193E+1	6.83865E+0
-4.20265E-1	2.58490E-3	1.59562E+1	6.93466E+0
-4.30275E-1	2.56847E-3	1.58548E+1	7.05471E+0
-4.40287E-1	2.52621E-3	1.55939E+1	7.10009E+0
-4.50261E-1	2.48358E-3	1.53307E+1	7.13840E+0
-4.60274E-1	2.45967E-3	1.51831E+1	7.22690E+0
-4.70285E-1	2.41412E-3	1.49020E+1	7.24734E+0
-4.80260E-1	2.38220E-3	1.47049E+1	7.30320E+0
-4.90271E-1	2.33418E-3	1.44085E+1	7.30515E+0
-5.00287E-1	2.29405E-3	1.41608E+1	7.32623E+0
-5.10298E-1	2.25270E-3	1.39056E+1	7.33814E+0
-5.20272E-1	2.20173E-3	1.35909E+1	7.31228E+0
-5.30280E-1	2.14974E-3	1.32700E+1	7.27696E+0
-5.40291E-1	2.09799E-3	1.29506E+1	7.23585E+0
-5.50308E-1	2.04179E-3	1.26036E+1	7.17258E+0
-5.60277E-1	1.98349E-3	1.22438E+1	7.09400E+0
-5.70285E-1	1.90666E-3	1.17695E+1	6.94103E+0
-5.80293E-1	1.84964E-3	1.14175E+1	6.85162E+0
-5.90302E-1	1.78592E-3	1.10242E+1	6.72969E+0
-6.00279E-1	1.71275E-3	1.05725E+1	6.56305E+0
-6.10292E-1	1.64029E-3	1.01252E+1	6.39023E+0
-6.20303E-1	1.56372E-3	9.65259E+0	6.19186E+0
-6.30279E-1	1.47803E-3	9.12364E+0	5.94668E+0
-6.40287E-1	1.39279E-3	8.59747E+0	5.69271E+0
-6.50303E-1	1.30570E-3	8.05988E+0	5.42023E+0
-6.60314E-1	1.21347E-3	7.49056E+0	5.11491E+0
-6.70287E-1	1.12429E-3	6.94006E+0	4.81058E+0
-6.80296E-1	1.02785E-3	6.34475E+0	4.46361E+0
-6.90304E-1	9.27573E-4	5.72576E+0	4.08740E+0
-7.00309E-1	8.30716E-4	5.12788E+0	3.71365E+0
-7.10286E-1	7.26238E-4	4.48295E+0	3.29284E+0
-7.20295E-1	6.25210E-4	3.85932E+0	2.87472E+0
-7.30305E-1	5.19882E-4	3.20915E+0	2.42364E+0
-7.40280E-1	4.10128E-4	2.53165E+0	1.93809E+0
-7.50290E-1	3.02375E-4	1.86651E+0	1.44822E+0
-7.60305E-1	1.90370E-4	1.17512E+0	9.23942E-1
-7.70316E-1	7.84032E-5	4.83970E-1	3.85533E-1
-7.80295E-1	-3.34806E-5	-2.06670E-1	-1.66767E-1
-7.90310E-1	-1.50043E-4	-9.26191E-1	-7.56958E-1
-8.00323E-1	-2.66934E-4	-1.64774E+0	-1.36373E+0
-8.10331E-1	-3.83904E-4	-2.36978E+0	-1.98584E+0
-8.20308E-1	-5.03088E-4	-3.10548E+0	-2.63439E+0
-8.30320E-1	-6.24559E-4	-3.85530E+0	-3.31038E+0
-8.40329E-1	-7.45748E-4	-4.60338E+0	-4.00037E+0
-8.50304E-1	-8.69920E-4	-5.36988E+0	-4.72185E+0
-8.60315E-1	-9.93733E-4	-6.13415E+0	-5.45740E+0
-8.70317E-1	-1.11563E-3	-6.88660E+0	-6.19807E+0
-8.80328E-1	-1.24281E-3	-7.67167E+0	-6.98406E+0
-8.90306E-1	-1.36916E-3	-8.45160E+0	-7.78130E+0
-9.00317E-1	-1.49776E-3	-9.24543E+0	-8.60788E+0
-9.10326E-1	-1.62730E-3	-1.00451E+1	-9.45634E+0
-9.20336E-1	-1.75709E-3	-1.08462E+1	-1.03228E+1
-9.30311E-1	-1.88792E-3	-1.16538E+1	-1.12117E+1
-9.40326E-1	-2.01946E-3	-1.24658E+1	-1.21219E+1
-9.50335E-1	-2.15208E-3	-1.32844E+1	-1.30555E+1
-9.60307E-1	-2.28509E-3	-1.41055E+1	-1.40079E+1
-9.70314E-1	-2.41916E-3	-1.49331E+1	-1.49843E+1
-9.80322E-1	-2.55405E-3	-1.57657E+1	-1.59829E+1
-9.90332E-1	-2.68935E-3	-1.66009E+1	-1.70015E+1
-1.00031E+0	-2.82517E-3	-1.74393E+1	-1.80400E+1
-1.01031E+0	-2.96186E-3	-1.82831E+1	-1.91019E+1
