Efficiency(%)	JSC(mA/cm^2)	VOC(V)	FF				 
1.01000E+0	1.21386E-2	7.49296E+1	-7.72234E+1
1.00001E+0	1.46703E-2	9.05574E+1	-9.24064E+1
9.90012E-1	1.45241E-2	8.96549E+1	-9.05709E+1
9.80011E-1	1.43741E-2	8.87290E+1	-8.87300E+1
9.70013E-1	1.42295E-2	8.78364E+1	-8.69413E+1
9.60011E-1	1.40859E-2	8.69500E+1	-8.51765E+1
9.50011E-1	1.39413E-2	8.60574E+1	-8.34240E+1
9.40009E-1	1.37933E-2	8.51438E+1	-8.16694E+1
9.30001E-1	1.36479E-2	8.42463E+1	-7.99481E+1
9.20004E-1	1.35013E-2	8.33414E+1	-7.82392E+1
9.10002E-1	1.33541E-2	8.24327E+1	-7.65448E+1
9.00001E-1	1.32084E-2	8.15333E+1	-7.48776E+1
8.89998E-1	1.30687E-2	8.06710E+1	-7.32623E+1
8.80001E-1	1.29256E-2	7.97877E+1	-7.16461E+1
8.69965E-1	1.27785E-2	7.88796E+1	-7.00230E+1
8.59970E-1	1.26401E-2	7.80253E+1	-6.84688E+1
8.49970E-1	1.24989E-2	7.71537E+1	-6.69167E+1
8.39970E-1	1.23563E-2	7.62735E+1	-6.53749E+1
8.29970E-1	1.22117E-2	7.53809E+1	-6.38407E+1
8.19968E-1	1.20722E-2	7.45198E+1	-6.23508E+1
8.09973E-1	1.19309E-2	7.36475E+1	-6.08699E+1
7.99972E-1	1.17879E-2	7.27648E+1	-5.93978E+1
7.89975E-1	1.16449E-2	7.18821E+1	-5.79439E+1
7.79966E-1	1.15064E-2	7.10272E+1	-5.65294E+1
7.69971E-1	1.13640E-2	7.01481E+1	-5.51143E+1
7.59971E-1	1.12288E-2	6.93136E+1	-5.37513E+1
7.49972E-1	1.10933E-2	6.84772E+1	-5.24040E+1
7.39965E-1	1.09525E-2	6.76080E+1	-5.10485E+1
7.29966E-1	1.08115E-2	6.67377E+1	-4.97104E+1
7.19966E-1	1.06746E-2	6.58926E+1	-4.84086E+1
7.09968E-1	1.05412E-2	6.50691E+1	-4.71398E+1
6.99967E-1	1.04088E-2	6.42519E+1	-4.58920E+1
6.89966E-1	1.02662E-2	6.33716E+1	-4.46166E+1
6.79961E-1	1.01272E-2	6.25136E+1	-4.33743E+1
6.69955E-1	9.99471E-3	6.16957E+1	-4.21769E+1
6.59960E-1	9.86237E-3	6.08788E+1	-4.09975E+1
6.49960E-1	9.72724E-3	6.00447E+1	-3.98231E+1
6.39958E-1	9.58877E-3	5.91899E+1	-3.86521E+1
6.29953E-1	9.45332E-3	5.83538E+1	-3.75104E+1
6.19955E-1	9.32280E-3	5.75481E+1	-3.64054E+1
6.09956E-1	9.19054E-3	5.67317E+1	-3.53101E+1
5.99953E-1	9.05573E-3	5.58996E+1	-3.42215E+1
5.89953E-1	8.92056E-3	5.50652E+1	-3.31488E+1
5.79956E-1	8.78919E-3	5.42543E+1	-3.21072E+1
5.69952E-1	8.66177E-3	5.34677E+1	-3.10960E+1
5.59955E-1	8.52685E-3	5.26349E+1	-3.00747E+1
5.49956E-1	8.39335E-3	5.18108E+1	-2.90752E+1
5.39955E-1	8.26473E-3	5.10169E+1	-2.81090E+1
5.29957E-1	8.13657E-3	5.02257E+1	-2.71607E+1
5.19953E-1	8.00512E-3	4.94143E+1	-2.62175E+1
5.09953E-1	7.87357E-3	4.86023E+1	-2.52907E+1
4.99954E-1	7.74390E-3	4.78019E+1	-2.43865E+1
4.89948E-1	7.62108E-3	4.70437E+1	-2.35194E+1
4.79949E-1	7.49404E-3	4.62595E+1	-2.26553E+1
4.69950E-1	7.35953E-3	4.54292E+1	-2.17852E+1
4.59950E-1	7.23259E-3	4.46456E+1	-2.09538E+1
4.49948E-1	7.10556E-3	4.38615E+1	-2.01381E+1
4.39952E-1	6.97725E-3	4.30694E+1	-1.93352E+1
4.29949E-1	6.84655E-3	4.22627E+1	-1.85416E+1
4.19954E-1	6.71546E-3	4.14535E+1	-1.77638E+1
4.09954E-1	6.59168E-3	4.06894E+1	-1.70212E+1
3.99957E-1	6.46626E-3	3.99152E+1	-1.62902E+1
3.89962E-1	6.33887E-3	3.91288E+1	-1.55702E+1
3.79952E-1	6.20929E-3	3.83290E+1	-1.48604E+1
3.69951E-1	6.08291E-3	3.75488E+1	-1.41747E+1
3.59952E-1	5.95682E-3	3.67705E+1	-1.35057E+1
3.49957E-1	5.83232E-3	3.60020E+1	-1.28563E+1
3.39948E-1	5.70792E-3	3.52341E+1	-1.22222E+1
3.29948E-1	5.58306E-3	3.44633E+1	-1.16032E+1
3.19949E-1	5.45351E-3	3.36636E+1	-1.09905E+1
3.09950E-1	5.32208E-3	3.28523E+1	-1.03904E+1
2.99951E-1	5.19254E-3	3.20527E+1	-9.81045E+0
2.89949E-1	5.06539E-3	3.12678E+1	-9.25110E+0
2.79950E-1	4.93929E-3	3.04894E+1	-8.70971E+0
2.69950E-1	4.80979E-3	2.96901E+1	-8.17840E+0
2.59949E-1	4.67457E-3	2.88554E+1	-7.65400E+0
2.49948E-1	4.54151E-3	2.80340E+1	-7.15005E+0
2.39949E-1	4.40922E-3	2.72174E+1	-6.66407E+0
2.29949E-1	4.27143E-3	2.63669E+1	-6.18677E+0
2.19950E-1	4.13370E-3	2.55167E+1	-5.72693E+0
2.09950E-1	3.99467E-3	2.46585E+1	-5.28270E+0
1.99943E-1	3.85250E-3	2.37809E+1	-4.85185E+0
1.89945E-1	3.70804E-3	2.28891E+1	-4.43640E+0
1.79946E-1	3.55902E-3	2.19693E+1	-4.03396E+0
1.69948E-1	3.40827E-3	2.10387E+1	-3.64845E+0
1.59942E-1	3.25706E-3	2.01053E+1	-3.28131E+0
1.49945E-1	3.09804E-3	1.91237E+1	-2.92602E+0
1.39945E-1	2.93525E-3	1.81188E+1	-2.58739E+0
1.29949E-1	2.77477E-3	1.71282E+1	-2.27122E+0
1.19949E-1	2.60723E-3	1.60940E+1	-1.96986E+0
1.09954E-1	2.43545E-3	1.50336E+1	-1.68674E+0
9.99529E-2	2.25867E-3	1.39424E+1	-1.42202E+0
8.99522E-2	2.07749E-3	1.28240E+1	-1.17709E+0
7.99499E-2	1.89215E-3	1.16799E+1	-9.52867E-1
6.99508E-2	1.70412E-3	1.05193E+1	-7.50848E-1
5.99518E-2	1.51145E-3	9.32994E+0	-5.70762E-1
4.99458E-2	1.31546E-3	8.12012E+0	-4.13843E-1
3.99437E-2	1.11319E-3	6.87154E+0	-2.80076E-1
2.99394E-2	9.06053E-4	5.59292E+0	-1.70866E-1
1.99394E-2	6.97318E-4	4.30443E+0	-8.75794E-2
9.94277E-3	4.85016E-4	2.99393E+0	-3.03754E-2
-5.26905E-5	2.68323E-4	1.65631E+0	8.90531E-5
-9.92894E-3	5.16738E-5	3.18974E-1	3.23171E-3
-1.99249E-2	-1.70299E-4	-1.05123E+0	-2.13731E-2
-2.99253E-2	-3.95140E-4	-2.43914E+0	-7.44815E-2
-3.99251E-2	-6.21983E-4	-3.83940E+0	-1.56417E-1
-4.99244E-2	-8.51038E-4	-5.25332E+0	-2.67621E-1
-5.99303E-2	-1.08201E-3	-6.67907E+0	-4.08448E-1
-6.99310E-2	-1.31416E-3	-8.11210E+0	-5.78864E-1
-7.99301E-2	-1.54728E-3	-9.55111E+0	-7.79001E-1
-8.99293E-2	-1.78242E-3	-1.10026E+1	-1.00965E+0
-9.99370E-2	-2.01699E-3	-1.24506E+1	-1.26966E+0
-1.09936E-1	-2.25309E-3	-1.39080E+1	-1.56019E+0
-1.19932E-1	-2.48938E-3	-1.53665E+1	-1.88055E+0
-1.29931E-1	-2.72459E-3	-1.68185E+1	-2.22984E+0
-1.39929E-1	-2.96014E-3	-1.82725E+1	-2.60903E+0
-1.49928E-1	-3.19528E-3	-1.97240E+1	-3.01752E+0
-1.59930E-1	-3.43021E-3	-2.11741E+1	-3.45549E+0
-1.69934E-1	-3.66460E-3	-2.26210E+1	-3.92253E+0
-1.79931E-1	-3.89766E-3	-2.40596E+1	-4.41742E+0
-1.89931E-1	-4.13236E-3	-2.55084E+1	-4.94371E+0
-1.99930E-1	-4.36267E-3	-2.69301E+1	-5.49401E+0
-2.09937E-1	-4.58998E-3	-2.83332E+1	-6.06958E+0
-2.19935E-1	-4.81808E-3	-2.97412E+1	-6.67463E+0
-2.29935E-1	-5.04518E-3	-3.11431E+1	-7.30703E+0
-2.39938E-1	-5.26967E-3	-3.25288E+1	-7.96419E+0
-2.49934E-1	-5.48925E-3	-3.38843E+1	-8.64166E+0
-2.59938E-1	-5.70935E-3	-3.52429E+1	-9.34793E+0
-2.69935E-1	-5.93013E-3	-3.66057E+1	-1.00828E+1
-2.79932E-1	-6.14832E-3	-3.79526E+1	-1.08410E+1
-2.89931E-1	-6.36337E-3	-3.92801E+1	-1.16209E+1
-2.99930E-1	-6.58153E-3	-4.06267E+1	-1.24339E+1
-3.09931E-1	-6.79769E-3	-4.19610E+1	-1.32704E+1
-3.19936E-1	-7.00536E-3	-4.32430E+1	-1.41173E+1
-3.29937E-1	-7.21199E-3	-4.45185E+1	-1.49880E+1
-3.39937E-1	-7.42004E-3	-4.58027E+1	-1.58878E+1
-3.49944E-1	-7.62469E-3	-4.70660E+1	-1.68066E+1
-3.59942E-1	-7.82861E-3	-4.83248E+1	-1.77491E+1
-3.69943E-1	-8.03658E-3	-4.96085E+1	-1.87269E+1
-3.79941E-1	-8.24048E-3	-5.08672E+1	-1.97209E+1
-3.89946E-1	-8.44242E-3	-5.21137E+1	-2.07363E+1
-3.99944E-1	-8.64512E-3	-5.33649E+1	-2.17786E+1
-4.09945E-1	-8.84698E-3	-5.46110E+1	-2.28444E+1
-4.19943E-1	-9.04448E-3	-5.58301E+1	-2.39239E+1
-4.29943E-1	-9.24277E-3	-5.70541E+1	-2.50306E+1
-4.39941E-1	-9.44085E-3	-5.82769E+1	-2.61616E+1
-4.49941E-1	-9.63896E-3	-5.94998E+1	-2.73177E+1
-4.59940E-1	-9.84324E-3	-6.07607E+1	-2.85166E+1
-4.69945E-1	-1.00448E-2	-6.20049E+1	-2.97336E+1
-4.79947E-1	-1.02440E-2	-6.32346E+1	-3.09686E+1
-4.89942E-1	-1.04396E-2	-6.44420E+1	-3.22172E+1
-4.99951E-1	-1.06395E-2	-6.56759E+1	-3.35048E+1
-5.09948E-1	-1.08456E-2	-6.69481E+1	-3.48368E+1
-5.19945E-1	-1.10433E-2	-6.81685E+1	-3.61672E+1
-5.29944E-1	-1.12436E-2	-6.94049E+1	-3.75314E+1
-5.39950E-1	-1.14508E-2	-7.06840E+1	-3.89447E+1
-5.49949E-1	-1.16473E-2	-7.18969E+1	-4.03466E+1
-5.59949E-1	-1.18465E-2	-7.31265E+1	-4.17828E+1
-5.69947E-1	-1.20528E-2	-7.44000E+1	-4.32694E+1
-5.79949E-1	-1.22571E-2	-7.56611E+1	-4.47751E+1
-5.89946E-1	-1.24621E-2	-7.69265E+1	-4.63087E+1
-5.99942E-1	-1.26636E-2	-7.81704E+1	-4.78548E+1
-6.09947E-1	-1.28706E-2	-7.94481E+1	-4.94481E+1
-6.19942E-1	-1.30857E-2	-8.07759E+1	-5.10984E+1
-6.29945E-1	-1.32892E-2	-8.20321E+1	-5.27303E+1
-6.39981E-1	-1.34953E-2	-8.33043E+1	-5.44012E+1
-6.49986E-1	-1.37086E-2	-8.46210E+1	-5.61250E+1
-6.59986E-1	-1.39185E-2	-8.59167E+1	-5.78610E+1
-6.69987E-1	-1.41200E-2	-8.71605E+1	-5.95882E+1
-6.79989E-1	-1.43201E-2	-8.83957E+1	-6.13348E+1
-6.89986E-1	-1.45321E-2	-8.97043E+1	-6.31579E+1
-6.99986E-1	-1.47456E-2	-9.10222E+1	-6.50146E+1
-7.09985E-1	-1.49524E-2	-9.22988E+1	-6.68681E+1
-7.19987E-1	-1.51640E-2	-9.36049E+1	-6.87697E+1
-7.29984E-1	-1.53769E-2	-9.49191E+1	-7.07035E+1
-7.39989E-1	-1.55960E-2	-9.62716E+1	-7.26938E+1
-7.49984E-1	-1.58083E-2	-9.75821E+1	-7.46786E+1
-7.59988E-1	-1.60217E-2	-9.88994E+1	-7.66963E+1
-7.69988E-1	-1.62303E-2	-1.00187E+2	-7.87172E+1
-7.79986E-1	-1.64491E-2	-1.01538E+2	-8.08142E+1
-7.89995E-1	-1.66705E-2	-1.02904E+2	-8.29530E+1
-7.99995E-1	-1.68839E-2	-1.04222E+2	-8.50783E+1
-8.09997E-1	-1.71027E-2	-1.05572E+2	-8.72584E+1
-8.20000E-1	-1.73216E-2	-1.06923E+2	-8.94666E+1
-8.30006E-1	-1.75421E-2	-1.08285E+2	-9.17111E+1
-8.40004E-1	-1.77550E-2	-1.09599E+2	-9.39422E+1
-8.50002E-1	-1.79801E-2	-1.10988E+2	-9.62656E+1
-8.60000E-1	-1.82035E-2	-1.12367E+2	-9.86080E+1
-8.69997E-1	-1.84221E-2	-1.13717E+2	-1.00952E+2
-8.79999E-1	-1.86496E-2	-1.15121E+2	-1.03374E+2
-8.89995E-1	-1.88766E-2	-1.16522E+2	-1.05821E+2
-9.00000E-1	-1.91052E-2	-1.17933E+2	-1.08306E+2
-9.09999E-1	-1.93234E-2	-1.19280E+2	-1.10760E+2
-9.20001E-1	-1.95426E-2	-1.20633E+2	-1.13248E+2
-9.29998E-1	-1.97678E-2	-1.22023E+2	-1.15798E+2
-9.40002E-1	-1.99992E-2	-1.23452E+2	-1.18413E+2
-9.50002E-1	-2.02239E-2	-1.24839E+2	-1.21018E+2
-9.60004E-1	-2.04492E-2	-1.26230E+2	-1.23654E+2
-9.70005E-1	-2.06822E-2	-1.27668E+2	-1.26366E+2
-9.80004E-1	-2.09179E-2	-1.29123E+2	-1.29123E+2
-9.90005E-1	-2.11494E-2	-1.30552E+2	-1.31885E+2
-1.00000E+0	-2.13734E-2	-1.31935E+2	-1.34627E+2
-1.01001E+0	-2.16070E-2	-1.33377E+2	-1.37461E+2
3.23171E-3	1.65631E+0	-9.92894E-3	1.92581E-1
8.62467E-4	8.65586E-2	-2.01013E-1	4.85774E-2
2.87861E-3	2.59557E+0	-9.92584E-3	1.09499E-1
6.62087E-3	1.84359E+0	-1.99361E-2	1.76537E-1
4.12865E-4	1.58070E+0	-9.91845E-3	2.58072E-2
-3.68305E-9	7.60747E-5	-1.81640E-1	-2.61205E-4
