1.01004E+0	1.22598E-6	7.56778E-3	-7.64376E-3
1.00004E+0	1.20829E-6	7.45858E-3	-7.45888E-3
9.90044E-1	1.18960E-6	7.34321E-3	-7.27010E-3
9.80042E-1	1.17231E-6	7.23648E-3	-7.09206E-3
9.70045E-1	1.15404E-6	7.12370E-3	-6.91031E-3
9.60040E-1	1.13575E-6	7.01080E-3	-6.73065E-3
9.50040E-1	1.11884E-6	6.90642E-3	-6.56138E-3
9.40043E-1	1.10009E-6	6.79068E-3	-6.38353E-3
9.30035E-1	1.08303E-6	6.68537E-3	-6.21763E-3
9.20036E-1	1.06521E-6	6.57537E-3	-6.04958E-3
9.10037E-1	1.04760E-6	6.46667E-3	-5.88491E-3
9.00041E-1	1.03143E-6	6.36685E-3	-5.73043E-3
8.90039E-1	1.01443E-6	6.26191E-3	-5.57335E-3
8.80037E-1	9.97486E-7	6.15732E-3	-5.41867E-3
8.70004E-1	9.81386E-7	6.05794E-3	-5.27043E-3
8.60006E-1	9.64589E-7	5.95425E-3	-5.12069E-3
8.50005E-1	9.49071E-7	5.85846E-3	-4.97972E-3
8.40001E-1	9.33433E-7	5.76193E-3	-4.84003E-3
8.30002E-1	9.16971E-7	5.66031E-3	-4.69807E-3
8.19996E-1	9.01587E-7	5.56535E-3	-4.56357E-3
8.10001E-1	8.85926E-7	5.46868E-3	-4.42964E-3
7.99999E-1	8.70518E-7	5.37357E-3	-4.29885E-3
7.89998E-1	8.55366E-7	5.28004E-3	-4.17122E-3
7.79993E-1	8.39603E-7	5.18273E-3	-4.04250E-3
7.69994E-1	8.25093E-7	5.09317E-3	-3.92171E-3
7.59995E-1	8.10933E-7	5.00576E-3	-3.80435E-3
7.49997E-1	7.94869E-7	4.90660E-3	-3.67993E-3
7.39992E-1	7.80825E-7	4.81991E-3	-3.56669E-3
7.29992E-1	7.66168E-7	4.72943E-3	-3.45245E-3
7.19994E-1	7.52141E-7	4.64285E-3	-3.34282E-3
7.09994E-1	7.38121E-7	4.55630E-3	-3.23495E-3
6.99995E-1	7.23347E-7	4.46510E-3	-3.12555E-3
6.89995E-1	7.09921E-7	4.38223E-3	-3.02372E-3
6.79998E-1	6.96093E-7	4.29687E-3	-2.92186E-3
6.69990E-1	6.82623E-7	4.21372E-3	-2.82315E-3
6.59995E-1	6.69350E-7	4.13179E-3	-2.72696E-3
6.49997E-1	6.56521E-7	4.05260E-3	-2.63418E-3
6.39999E-1	6.43320E-7	3.97111E-3	-2.54151E-3
6.29991E-1	6.29919E-7	3.88839E-3	-2.44965E-3
6.19992E-1	6.17490E-7	3.81167E-3	-2.36320E-3
6.09994E-1	6.04903E-7	3.73397E-3	-2.27770E-3
5.99990E-1	5.92461E-7	3.65717E-3	-2.19426E-3
5.89993E-1	5.80315E-7	3.58219E-3	-2.11347E-3
5.79992E-1	5.67915E-7	3.50565E-3	-2.03325E-3
5.69993E-1	5.55124E-7	3.42669E-3	-1.95319E-3
5.59995E-1	5.42475E-7	3.34861E-3	-1.87521E-3
5.49995E-1	5.30654E-7	3.27564E-3	-1.80159E-3
5.39995E-1	5.19114E-7	3.20441E-3	-1.73036E-3
5.29997E-1	5.07604E-7	3.13336E-3	-1.66067E-3
5.19994E-1	4.95772E-7	3.06032E-3	-1.59135E-3
5.09995E-1	4.84978E-7	2.99369E-3	-1.52677E-3
4.99993E-1	4.72997E-7	2.91973E-3	-1.45985E-3
4.89987E-1	4.62182E-7	2.85298E-3	-1.39792E-3
4.79995E-1	4.50849E-7	2.78302E-3	-1.33583E-3
4.69995E-1	4.40118E-7	2.71678E-3	-1.27687E-3
4.59993E-1	4.29541E-7	2.65149E-3	-1.21967E-3
4.49987E-1	4.18708E-7	2.58462E-3	-1.16304E-3
4.39988E-1	4.08174E-7	2.51959E-3	-1.10859E-3
4.29991E-1	3.97894E-7	2.45614E-3	-1.05612E-3
4.19990E-1	3.87576E-7	2.39244E-3	-1.00480E-3
4.09989E-1	3.77221E-7	2.32852E-3	-9.54670E-4
3.99993E-1	3.67299E-7	2.26728E-3	-9.06895E-4
3.89999E-1	3.57125E-7	2.20448E-3	-8.59743E-4
3.79994E-1	3.47676E-7	2.14615E-3	-8.15523E-4
3.69996E-1	3.37681E-7	2.08445E-3	-7.71238E-4
3.59999E-1	3.27669E-7	2.02265E-3	-7.28151E-4
3.50000E-1	3.18569E-7	1.96648E-3	-6.88266E-4
3.39990E-1	3.09135E-7	1.90824E-3	-6.48783E-4
3.29994E-1	3.00033E-7	1.85206E-3	-6.11167E-4
3.19993E-1	2.90893E-7	1.79564E-3	-5.74591E-4
3.09992E-1	2.81891E-7	1.74007E-3	-5.39407E-4
2.99993E-1	2.73155E-7	1.68614E-3	-5.05831E-4
2.89994E-1	2.64139E-7	1.63049E-3	-4.72832E-4
2.80001E-1	2.55685E-7	1.57830E-3	-4.41926E-4
2.69997E-1	2.46844E-7	1.52373E-3	-4.11402E-4
2.59999E-1	2.38352E-7	1.47131E-3	-3.82539E-4
2.49997E-1	2.30304E-7	1.42163E-3	-3.55403E-4
2.40007E-1	2.22004E-7	1.37040E-3	-3.28904E-4
2.30004E-1	2.14115E-7	1.32170E-3	-3.03996E-4
2.20004E-1	2.05926E-7	1.27115E-3	-2.79658E-4
2.10003E-1	1.97971E-7	1.22204E-3	-2.56633E-4
1.99993E-1	1.90289E-7	1.17462E-3	-2.34916E-4
1.89992E-1	1.82568E-7	1.12696E-3	-2.14114E-4
1.79990E-1	1.75187E-7	1.08140E-3	-1.94641E-4
1.69994E-1	1.67711E-7	1.03525E-3	-1.75987E-4
1.59993E-1	1.60224E-7	9.89037E-4	-1.58239E-4
1.49994E-1	1.52762E-7	9.42975E-4	-1.41441E-4
1.39991E-1	1.45542E-7	8.98407E-4	-1.25769E-4
1.29996E-1	1.38174E-7	8.52926E-4	-1.10877E-4
1.19995E-1	1.31184E-7	8.09778E-4	-9.71693E-5
1.09996E-1	1.24174E-7	7.66506E-4	-8.43126E-5
9.99954E-2	1.17448E-7	7.24988E-4	-7.24954E-5
8.99901E-2	1.10426E-7	6.81642E-4	-6.13410E-5
7.99947E-2	1.03945E-7	6.41636E-4	-5.13275E-5
6.99887E-2	9.72443E-8	6.00273E-4	-4.20124E-5
5.99921E-2	9.06583E-8	5.59619E-4	-3.35727E-5
4.99847E-2	8.42145E-8	5.19843E-4	-2.59842E-5
3.99880E-2	7.74672E-8	4.78193E-4	-1.91220E-5
2.99892E-2	7.09996E-8	4.38269E-4	-1.31433E-5
1.99897E-2	6.45502E-8	3.98458E-4	-7.96506E-6
9.99069E-3	5.79555E-8	3.57750E-4	-3.57417E-6
-7.62939E-6	5.12507E-8	3.16362E-4	2.41365E-9
-9.90677E-3	4.45430E-8	2.74957E-4	2.72393E-6
-1.99108E-2	3.80454E-8	2.34848E-4	4.67601E-6
-2.99072E-2	3.14098E-8	1.93888E-4	5.79864E-6
-3.99082E-2	2.44862E-8	1.51149E-4	6.03210E-6
-4.99079E-2	1.74988E-8	1.08017E-4	5.39092E-6
-5.99174E-2	1.03277E-8	6.37512E-5	3.81981E-6
-6.99193E-2	3.52266E-9	2.17448E-5	1.52038E-6
-7.99205E-2	-3.88459E-9	-2.39790E-5	-1.91641E-6
-8.99181E-2	-1.12804E-8	-6.96321E-5	-6.26119E-6
-9.99234E-2	-1.90158E-8	-1.17381E-4	-1.17292E-5
-1.09919E-1	-2.66058E-8	-1.64233E-4	-1.80524E-5
-1.19922E-1	-3.48565E-8	-2.15164E-4	-2.58028E-5
-1.29921E-1	-4.31057E-8	-2.66085E-4	-3.45700E-5
-1.39917E-1	-5.16677E-8	-3.18936E-4	-4.46246E-5
-1.49915E-1	-6.04655E-8	-3.73244E-4	-5.59548E-5
-1.59913E-1	-6.96912E-8	-4.30193E-4	-6.87934E-5
-1.69917E-1	-7.88415E-8	-4.86676E-4	-8.26945E-5
-1.79919E-1	-8.80972E-8	-5.43810E-4	-9.78417E-5
-1.89917E-1	-9.81514E-8	-6.05873E-4	-1.15066E-4
-1.99914E-1	-1.08347E-7	-6.68809E-4	-1.33704E-4
-2.09926E-1	-1.19125E-7	-7.35340E-4	-1.54367E-4
-2.19926E-1	-1.29793E-7	-8.01191E-4	-1.76203E-4
-2.29924E-1	-1.41310E-7	-8.72284E-4	-2.00559E-4
-2.39925E-1	-1.52826E-7	-9.43370E-4	-2.26338E-4
-2.49929E-1	-1.65012E-7	-1.01859E-3	-2.54576E-4
-2.59929E-1	-1.77523E-7	-1.09582E-3	-2.84836E-4
-2.69931E-1	-1.90308E-7	-1.17474E-3	-3.17099E-4
-2.79928E-1	-2.03730E-7	-1.25759E-3	-3.52035E-4
-2.89931E-1	-2.17834E-7	-1.34465E-3	-3.89857E-4
-2.99927E-1	-2.32456E-7	-1.43491E-3	-4.30369E-4
-3.09927E-1	-2.47624E-7	-1.52854E-3	-4.73737E-4
-3.19929E-1	-2.63004E-7	-1.62348E-3	-5.19399E-4
-3.29928E-1	-2.79490E-7	-1.72525E-3	-5.69207E-4
-3.39920E-1	-2.96110E-7	-1.82784E-3	-6.21319E-4
-3.49926E-1	-3.14085E-7	-1.93880E-3	-6.78435E-4
-3.59927E-1	-3.32629E-7	-2.05327E-3	-7.39026E-4
-3.69925E-1	-3.52048E-7	-2.17314E-3	-8.03897E-4
-3.79921E-1	-3.72638E-7	-2.30023E-3	-8.73907E-4
-3.89925E-1	-3.93994E-7	-2.43206E-3	-9.48322E-4
-3.99921E-1	-4.16541E-7	-2.57124E-3	-1.02829E-3
-4.09922E-1	-4.40992E-7	-2.72217E-3	-1.11588E-3
-4.19921E-1	-4.66657E-7	-2.88060E-3	-1.20962E-3
-4.29922E-1	-4.94639E-7	-3.05333E-3	-1.31269E-3
-4.39922E-1	-5.23904E-7	-3.23398E-3	-1.42270E-3
-4.49922E-1	-5.56196E-7	-3.43331E-3	-1.54472E-3
-4.59921E-1	-5.91666E-7	-3.65226E-3	-1.67975E-3
-4.69919E-1	-6.30178E-7	-3.88999E-3	-1.82798E-3
-4.79917E-1	-6.72898E-7	-4.15369E-3	-1.99343E-3
-4.89916E-1	-7.20530E-7	-4.44772E-3	-2.17901E-3
-4.99925E-1	-7.74438E-7	-4.78048E-3	-2.38988E-3
-5.09924E-1	-8.35297E-7	-5.15615E-3	-2.62925E-3
-5.19924E-1	-9.04597E-7	-5.58393E-3	-2.90322E-3
-5.29924E-1	-9.84739E-7	-6.07864E-3	-3.22121E-3
-5.39928E-1	-1.07772E-6	-6.65259E-3	-3.59192E-3
-5.49922E-1	-1.18713E-6	-7.32796E-3	-4.02981E-3
-5.59924E-1	-1.31737E-6	-8.13191E-3	-4.55325E-3
-5.69923E-1	-1.47148E-6	-9.08321E-3	-5.17673E-3
-5.79920E-1	-1.65660E-6	-1.02259E-2	-5.93022E-3
-5.89920E-1	-1.87987E-6	-1.16041E-2	-6.84551E-3
-5.99921E-1	-2.14931E-6	-1.32673E-2	-7.95936E-3
-6.09922E-1	-2.47669E-6	-1.52882E-2	-9.32462E-3
-6.19918E-1	-2.87517E-6	-1.77480E-2	-1.10023E-2
-6.29919E-1	-3.35987E-6	-2.07399E-2	-1.30645E-2
-6.39953E-1	-3.95234E-6	-2.43972E-2	-1.56130E-2
-6.49959E-1	-4.67301E-6	-2.88457E-2	-1.87485E-2
-6.59962E-1	-5.54879E-6	-3.42518E-2	-2.26049E-2
-6.69965E-1	-6.61502E-6	-4.08335E-2	-2.73570E-2
-6.79967E-1	-7.90832E-6	-4.88168E-2	-3.31938E-2
-6.89968E-1	-9.47240E-6	-5.84716E-2	-4.03435E-2
-6.99966E-1	-1.13651E-5	-7.01549E-2	-4.91061E-2
-7.09964E-1	-1.36433E-5	-8.42179E-2	-5.97917E-2
-7.19965E-1	-1.63803E-5	-1.01113E-1	-7.27978E-2
-7.29961E-1	-1.96606E-5	-1.21362E-1	-8.85893E-2
-7.39961E-1	-2.35812E-5	-1.45563E-1	-1.07711E-1
-7.49963E-1	-2.82539E-5	-1.74407E-1	-1.30799E-1
-7.59966E-1	-3.38030E-5	-2.08660E-1	-1.58575E-1
-7.69966E-1	-4.03665E-5	-2.49176E-1	-1.91857E-1
-7.79964E-1	-4.80970E-5	-2.96895E-1	-2.31567E-1
-7.89971E-1	-5.71615E-5	-3.52849E-1	-2.78740E-1
-7.99969E-1	-6.77162E-5	-4.18001E-1	-3.34388E-1
-8.09967E-1	-7.99216E-5	-4.93343E-1	-3.99592E-1
-8.19966E-1	-9.39320E-5	-5.79827E-1	-4.75439E-1
-8.29973E-1	-1.09898E-4	-6.78383E-1	-5.63039E-1
-8.39968E-1	-1.27863E-4	-7.89278E-1	-6.62968E-1
-8.49972E-1	-1.47946E-4	-9.13247E-1	-7.76234E-1
-8.59973E-1	-1.70160E-4	-1.05037E+0	-9.03290E-1
-8.69971E-1	-1.94537E-4	-1.20085E+0	-1.04470E+0
-8.79966E-1	-2.21047E-4	-1.36449E+0	-1.20070E+0
-8.89964E-1	-2.49695E-4	-1.54133E+0	-1.37173E+0
-8.99965E-1	-2.80448E-4	-1.73116E+0	-1.55798E+0
-9.09967E-1	-3.13264E-4	-1.93373E+0	-1.75963E+0
-9.19966E-1	-3.48116E-4	-2.14886E+0	-1.97688E+0
-9.29968E-1	-3.84991E-4	-2.37649E+0	-2.21006E+0
-9.39975E-1	-4.23875E-4	-2.61651E+0	-2.45946E+0
-9.49975E-1	-4.64761E-4	-2.86890E+0	-2.72538E+0
-9.59973E-1	-5.07623E-4	-3.13348E+0	-3.00805E+0
-9.69974E-1	-5.52512E-4	-3.41057E+0	-3.30816E+0
-9.79974E-1	-5.99416E-4	-3.70010E+0	-3.62600E+0
-9.89980E-1	-6.48347E-4	-4.00214E+0	-3.96204E+0
-9.99978E-1	-6.99337E-4	-4.31690E+0	-4.31680E+0
-1.00998E+0	-7.52382E-4	-4.64433E+0	-4.69068E+0
