1.00997E+0	1.17962E-6	7.28160E-3	-7.42849E-3
9.99966E-1	1.15464E-6	7.12741E-3	-7.19916E-3
9.89965E-1	1.13024E-6	6.97679E-3	-6.97654E-3
9.79968E-1	1.10536E-6	6.82321E-3	-6.75407E-3
9.69970E-1	1.08010E-6	6.66728E-3	-6.53239E-3
9.59965E-1	1.05818E-6	6.53198E-3	-6.33381E-3
9.49965E-1	1.03608E-6	6.39556E-3	-6.13692E-3
9.39966E-1	1.01573E-6	6.26994E-3	-5.95306E-3
9.29958E-1	9.93450E-7	6.13241E-3	-5.76049E-3
9.19958E-1	9.72374E-7	6.00231E-3	-5.57765E-3
9.09960E-1	9.52156E-7	5.87751E-3	-5.40232E-3
8.99959E-1	9.32728E-7	5.75758E-3	-5.23393E-3
8.89956E-1	9.11936E-7	5.62923E-3	-5.06037E-3
8.79958E-1	8.94346E-7	5.52065E-3	-4.90701E-3
8.69922E-1	8.76259E-7	5.40901E-3	-4.75294E-3
8.59923E-1	8.59433E-7	5.30514E-3	-4.60809E-3
8.49923E-1	8.42053E-7	5.19786E-3	-4.46240E-3
8.39924E-1	8.25243E-7	5.09409E-3	-4.32187E-3
8.29926E-1	8.08720E-7	4.99210E-3	-4.18492E-3
8.19922E-1	7.91465E-7	4.88559E-3	-4.04626E-3
8.09922E-1	7.75996E-7	4.79010E-3	-3.91879E-3
7.99921E-1	7.59379E-7	4.68752E-3	-3.78752E-3
7.89922E-1	7.43841E-7	4.59161E-3	-3.66365E-3
7.79911E-1	7.29983E-7	4.50607E-3	-3.54983E-3
7.69912E-1	7.16274E-7	4.42144E-3	-3.43851E-3
7.59912E-1	7.00845E-7	4.32620E-3	-3.32074E-3
7.49913E-1	6.86778E-7	4.23937E-3	-3.21127E-3
7.39910E-1	6.73961E-7	4.16025E-3	-3.10931E-3
7.29911E-1	6.60707E-7	4.07844E-3	-3.00697E-3
7.19914E-1	6.48211E-7	4.00130E-3	-2.90969E-3
7.09910E-1	6.35087E-7	3.92029E-3	-2.81116E-3
6.99914E-1	6.22341E-7	3.84161E-3	-2.71596E-3
6.89914E-1	6.09696E-7	3.76356E-3	-2.62276E-3
6.79914E-1	5.97634E-7	3.68910E-3	-2.53361E-3
6.69912E-1	5.87244E-7	3.62496E-3	-2.45294E-3
6.59912E-1	5.75109E-7	3.55006E-3	-2.36639E-3
6.49917E-1	5.64600E-7	3.48519E-3	-2.28796E-3
6.39916E-1	5.53399E-7	3.41604E-3	-2.20806E-3
6.29909E-1	5.43114E-7	3.35256E-3	-2.13314E-3
6.19910E-1	5.33283E-7	3.29187E-3	-2.06128E-3
6.09911E-1	5.22920E-7	3.22790E-3	-1.98862E-3
5.99904E-1	5.13947E-7	3.17251E-3	-1.92243E-3
5.89907E-1	5.03931E-7	3.11069E-3	-1.85355E-3
5.79910E-1	4.95027E-7	3.05572E-3	-1.78994E-3
5.69913E-1	4.86535E-7	3.00330E-3	-1.72891E-3
5.59914E-1	4.76708E-7	2.94264E-3	-1.66427E-3
5.49914E-1	4.69459E-7	2.89790E-3	-1.60969E-3
5.39914E-1	4.60707E-7	2.84387E-3	-1.55095E-3
5.29914E-1	4.52737E-7	2.79467E-3	-1.49590E-3
5.19908E-1	4.44717E-7	2.74517E-3	-1.44165E-3
5.09909E-1	4.36591E-7	2.69501E-3	-1.38809E-3
4.99910E-1	4.28618E-7	2.64579E-3	-1.33602E-3
4.89903E-1	4.20581E-7	2.59618E-3	-1.28472E-3
4.79905E-1	4.14576E-7	2.55911E-3	-1.24054E-3
4.69907E-1	4.07014E-7	2.51243E-3	-1.19253E-3
4.59907E-1	4.00193E-7	2.47033E-3	-1.14760E-3
4.49905E-1	3.93205E-7	2.42719E-3	-1.10304E-3
4.39910E-1	3.86914E-7	2.38836E-3	-1.06128E-3
4.29907E-1	3.79806E-7	2.34448E-3	-1.01809E-3
4.19908E-1	3.74010E-7	2.30870E-3	-9.79236E-4
4.09909E-1	3.67937E-7	2.27122E-3	-9.40396E-4
3.99909E-1	3.62226E-7	2.23596E-3	-9.03214E-4
3.89911E-1	3.55769E-7	2.19610E-3	-8.64935E-4
3.79907E-1	3.50769E-7	2.16524E-3	-8.30899E-4
3.69908E-1	3.44226E-7	2.12485E-3	-7.93939E-4
3.59907E-1	3.39185E-7	2.09373E-3	-7.61161E-4
3.49909E-1	3.33165E-7	2.05657E-3	-7.26883E-4
3.39902E-1	3.28730E-7	2.02920E-3	-6.96695E-4
3.29905E-1	3.23400E-7	1.99630E-3	-6.65241E-4
3.19906E-1	3.19064E-7	1.96953E-3	-6.36429E-4
3.09905E-1	3.13898E-7	1.93764E-3	-6.06550E-4
2.99906E-1	3.09881E-7	1.91285E-3	-5.79469E-4
2.89906E-1	3.04398E-7	1.87900E-3	-5.50236E-4
2.79906E-1	3.00220E-7	1.85321E-3	-5.23964E-4
2.69905E-1	2.95089E-7	1.82154E-3	-4.96608E-4
2.59907E-1	2.90901E-7	1.79569E-3	-4.71425E-4
2.49907E-1	2.86219E-7	1.76678E-3	-4.45992E-4
2.39904E-1	2.82741E-7	1.74531E-3	-4.22937E-4
2.29903E-1	2.78849E-7	1.72129E-3	-3.99727E-4
2.19904E-1	2.74813E-7	1.69638E-3	-3.76808E-4
2.09902E-1	2.70833E-7	1.67181E-3	-3.54461E-4
1.99895E-1	2.66545E-7	1.64534E-3	-3.32217E-4
1.89896E-1	2.62517E-7	1.62048E-3	-3.10830E-4
1.79896E-1	2.59086E-7	1.59930E-3	-2.90613E-4
1.69896E-1	2.55628E-7	1.57795E-3	-2.70795E-4
1.59894E-1	2.52472E-7	1.55847E-3	-2.51707E-4
1.49894E-1	2.48766E-7	1.53559E-3	-2.32501E-4
1.39894E-1	2.46284E-7	1.52027E-3	-2.14825E-4
1.29895E-1	2.42139E-7	1.49469E-3	-1.96113E-4
1.19893E-1	2.39121E-7	1.47606E-3	-1.78756E-4
1.09894E-1	2.36228E-7	1.45820E-3	-1.61866E-4
9.98945E-2	2.33132E-7	1.43909E-3	-1.45209E-4
8.98924E-2	2.30231E-7	1.42118E-3	-1.29044E-4
7.98938E-2	2.26448E-7	1.39783E-3	-1.12806E-4
6.98936E-2	2.23899E-7	1.38209E-3	-9.75752E-5
5.98955E-2	2.20352E-7	1.36020E-3	-8.22926E-5
4.98857E-2	2.17060E-7	1.33988E-3	-6.75158E-5
3.98853E-2	2.14705E-7	1.32534E-3	-5.33955E-5
2.98855E-2	2.11282E-7	1.30421E-3	-3.93707E-5
1.98870E-2	2.09031E-7	1.29031E-3	-2.59197E-5
9.88889E-3	2.05315E-7	1.26738E-3	-1.26595E-5
-1.11818E-4	2.02533E-7	1.25020E-3	1.41207E-7
-9.93490E-3	1.99449E-7	1.23117E-3	1.23551E-5
-1.99361E-2	1.96184E-7	1.21101E-3	2.43867E-5
-2.99363E-2	1.92918E-7	1.19085E-3	3.60098E-5
-3.99373E-2	1.90765E-7	1.17756E-3	4.75037E-5
-4.99351E-2	1.86920E-7	1.15383E-3	5.81985E-5
-5.99401E-2	1.84093E-7	1.13638E-3	6.88025E-5
-6.99389E-2	1.79919E-7	1.11061E-3	7.84595E-5
-7.99365E-2	1.77306E-7	1.09448E-3	8.83727E-5
-8.99365E-2	1.73093E-7	1.06848E-3	9.70656E-5
-9.99415E-2	1.69598E-7	1.04690E-3	1.05686E-4
-1.09940E-1	1.66183E-7	1.02582E-3	1.13918E-4
-1.19943E-1	1.61332E-7	9.95877E-4	1.20655E-4
-1.29940E-1	1.57990E-7	9.75247E-4	1.28004E-4
-1.39937E-1	1.53486E-7	9.47444E-4	1.33922E-4
-1.49936E-1	1.49799E-7	9.24685E-4	1.40044E-4
-1.59937E-1	1.45096E-7	8.95654E-4	1.44695E-4
-1.69940E-1	1.41348E-7	8.72519E-4	1.49774E-4
-1.79937E-1	1.35638E-7	8.37272E-4	1.52178E-4
-1.89938E-1	1.30991E-7	8.08586E-4	1.55133E-4
-1.99939E-1	1.25568E-7	7.75111E-4	1.56540E-4
-2.09947E-1	1.20885E-7	7.46204E-4	1.58246E-4
-2.19946E-1	1.15240E-7	7.11358E-4	1.58041E-4
-2.29948E-1	1.10561E-7	6.82475E-4	1.58519E-4
-2.39952E-1	1.04552E-7	6.45383E-4	1.56425E-4
-2.49947E-1	9.88073E-8	6.09922E-4	1.53988E-4
-2.59948E-1	9.16854E-8	5.65959E-4	1.48606E-4
-2.69945E-1	8.59411E-8	5.30501E-4	1.44653E-4
-2.79947E-1	7.96654E-8	4.91762E-4	1.39058E-4
-2.89945E-1	7.22224E-8	4.45817E-4	1.30568E-4
-2.99943E-1	6.48470E-8	4.00290E-4	1.21277E-4
-3.09945E-1	5.77684E-8	3.56595E-4	1.11641E-4
-3.19949E-1	4.98384E-8	3.07644E-4	9.94248E-5
-3.29948E-1	4.15441E-8	2.56445E-4	8.54682E-5
-3.39948E-1	3.23497E-8	1.99690E-4	6.85697E-5
-3.49953E-1	2.30655E-8	1.42380E-4	5.03295E-5
-3.59953E-1	1.39809E-8	8.63019E-5	3.13784E-5
-3.69952E-1	3.72620E-9	2.30012E-5	8.59531E-6
-3.79949E-1	-8.65000E-9	-5.33951E-5	-2.04923E-5
-3.89958E-1	-2.02987E-8	-1.25301E-4	-4.93555E-5
-3.99958E-1	-3.38880E-8	-2.09185E-4	-8.45104E-5
-4.09959E-1	-4.85349E-8	-2.99598E-4	-1.24064E-4
-4.19961E-1	-6.51391E-8	-4.02093E-4	-1.70569E-4
-4.29957E-1	-8.34915E-8	-5.15380E-4	-2.23829E-4
-4.39958E-1	-1.04512E-7	-6.45136E-4	-2.86700E-4
-4.49955E-1	-1.29906E-7	-8.01889E-4	-3.64458E-4
-4.59957E-1	-1.58875E-7	-9.80710E-4	-4.55641E-4
-4.69958E-1	-1.92464E-7	-1.18805E-3	-5.63973E-4
-4.79955E-1	-2.32403E-7	-1.43459E-3	-6.95492E-4
-4.89954E-1	-2.81871E-7	-1.73994E-3	-8.61104E-4
-4.99959E-1	-3.42569E-7	-2.11462E-3	-1.06790E-3
-5.09958E-1	-4.17210E-7	-2.57537E-3	-1.32660E-3
-5.19952E-1	-5.10634E-7	-3.15206E-3	-1.65548E-3
-5.29954E-1	-6.27672E-7	-3.87452E-3	-2.07406E-3
-5.39957E-1	-7.77169E-7	-4.79734E-3	-2.61652E-3
-5.49957E-1	-9.68492E-7	-5.97835E-3	-3.32104E-3
-5.59958E-1	-1.21426E-6	-7.49543E-3	-4.23952E-3
-5.69959E-1	-1.53470E-6	-9.47346E-3	-5.45402E-3
-5.79960E-1	-1.95322E-6	-1.20569E-2	-7.06316E-3
-5.89959E-1	-2.50101E-6	-1.54383E-2	-9.19998E-3
-5.99958E-1	-3.22173E-6	-1.98872E-2	-1.20520E-2
-6.09963E-1	-4.17393E-6	-2.57650E-2	-1.58744E-2
-6.19961E-1	-5.43173E-6	-3.35292E-2	-2.09968E-2
-6.29961E-1	-7.09962E-6	-4.38248E-2	-2.78868E-2
-6.39994E-1	-9.32120E-6	-5.75383E-2	-3.71961E-2
-6.50002E-1	-1.22656E-5	-7.57136E-2	-4.97111E-2
-6.59999E-1	-1.61707E-5	-9.98191E-2	-6.65460E-2
-6.70001E-1	-2.13378E-5	-1.31715E-1	-8.91405E-2
-6.80002E-1	-2.81712E-5	-1.73896E-1	-1.19444E-1
-6.90002E-1	-3.71874E-5	-2.29552E-1	-1.59991E-1
-7.00003E-1	-4.90166E-5	-3.02572E-1	-2.13940E-1
-7.10006E-1	-6.44939E-5	-3.98110E-1	-2.85516E-1
-7.20006E-1	-8.45907E-5	-5.22165E-1	-3.79759E-1
-7.30007E-1	-1.10528E-4	-6.82272E-1	-5.03094E-1
-7.40010E-1	-1.43694E-4	-8.87000E-1	-6.63019E-1
-7.50008E-1	-1.85745E-4	-1.14657E+0	-8.68626E-1
-7.60013E-1	-2.38482E-4	-1.47211E+0	-1.13012E+0
-7.70015E-1	-3.03863E-4	-1.87570E+0	-1.45890E+0
-7.80014E-1	-3.83815E-4	-2.36923E+0	-1.86670E+0
-7.90025E-1	-4.80381E-4	-2.96531E+0	-2.36634E+0
-8.00025E-1	-5.95168E-4	-3.67388E+0	-2.96888E+0
-8.10027E-1	-7.29699E-4	-4.50431E+0	-3.68547E+0
-8.20024E-1	-8.85059E-4	-5.46333E+0	-4.52531E+0
-8.30030E-1	-1.06228E-3	-6.55728E+0	-5.49772E+0
-8.40028E-1	-1.26123E-3	-7.78537E+0	-6.60599E+0
-8.50025E-1	-1.48165E-3	-9.14599E+0	-7.85285E+0
-8.60022E-1	-1.72339E-3	-1.06382E+1	-9.24151E+0
-8.70022E-1	-1.98581E-3	-1.22581E+1	-1.07725E+1
-8.80018E-1	-2.26815E-3	-1.40009E+1	-1.24455E+1
-8.90015E-1	-2.56906E-3	-1.58584E+1	-1.42568E+1
-9.00017E-1	-2.88809E-3	-1.78277E+1	-1.62073E+1
-9.10015E-1	-3.22355E-3	-1.98985E+1	-1.82908E+1
-9.20014E-1	-3.57487E-3	-2.20671E+1	-2.05071E+1
-9.30015E-1	-3.94095E-3	-2.43269E+1	-2.28529E+1
-9.40020E-1	-4.32083E-3	-2.66718E+1	-2.53253E+1
-9.50018E-1	-4.71348E-3	-2.90956E+1	-2.79205E+1
-9.60016E-1	-5.11800E-3	-3.15926E+1	-3.06358E+1
-9.70020E-1	-5.53418E-3	-3.41616E+1	-3.34722E+1
-9.80017E-1	-5.96058E-3	-3.67937E+1	-3.64227E+1
-9.90019E-1	-6.39694E-3	-3.94873E+1	-3.94880E+1
-1.00001E+0	-6.84271E-3	-4.22390E+1	-4.26660E+1
-1.01002E+0	-7.29711E-3	-4.50439E+1	-4.59548E+1
